name,id,x,y,z,x,y,z,w
torso_frame_kinect,0,-163.091131717322,-510.023553141473,2052.33905190129,-0.725027620792389,0.323138117790222,0.245557725429535,0.556433379650116
torso_frame_world,0,138.04745109027,393.143012050867,248.469790791832,-0.00775576222534385,0.0287338231064714,0.47399064820619,-0.880026750147441
world_frame,0,0,0,0,0,0,0,1
world_frame_kinect,0,251.559208278899,-735.386970312383,2164.73209505871,0.496250629425049,-0.642110466957092,-0.461514949798584,-0.358376055955887
torso_frame_kinect,0,-163.106562523863,-509.831324941196,2051.74205801397,-0.725317418575287,0.323143661022186,0.245179891586304,0.556218981742859
torso_frame_world,0,137.322604873881,392.814686418141,247.926955628858,-0.00802080670896776,0.0279695836815175,0.474604149321391,-0.879718290417642
world_frame,0,0,0,0,0,0,0,1
world_frame_kinect,0,251.228778986952,-734.800498067344,2162.8444720401,0.496028602123261,-0.642104744911194,-0.461978137493134,-0.358096808195114
torso_frame_kinect,0,-162.786044421704,-509.781482855226,2050.51038277355,-0.724965929985046,0.323034107685089,0.245952010154724,0.556399822235107
torso_frame_world,0,137.922912101937,392.212496442584,248.140414546046,-0.00768446638941563,0.0283110932407869,0.474168826192612,-0.879945086492868
world_frame,0,0,0,0,0,0,0,1
world_frame_kinect,0,251.149400810773,-734.714574774012,2162.26726906806,0.495996356010437,-0.641870856285095,-0.462209522724152,-0.358262121677399
torso_frame_kinect,0,-162.856164491417,-509.23896870182,2048.72861693574,-0.7255579829216,0.323503434658051,0.245153322815895,0.555707633495331
torso_frame_world,0,140.398643638688,392.12564399057,250.034491708684,-0.00772063184086003,0.0273623246326946,0.47404785385722,-0.880039957779212
world_frame,0,0,0,0,0,0,0,1
world_frame_kinect,0,251.484820670867,-735.245290388413,2163.76873255333,0.496162295341492,-0.641957879066467,-0.461821436882019,-0.358376950025558
torso_frame_kinect,0,-162.669882588881,-509.123274025399,2048.36242558562,-0.725574612617493,0.323788434267044,0.245531514286995,0.555352866649628
torso_frame_world,0,140.874837432558,391.676798489055,250.728231885665,-0.00774615487225884,0.0274543360549457,0.473579229904544,-0.880289139725974
world_frame,0,0,0,0,0,0,0,1
world_frame_kinect,0,251.477396280697,-735.324617519317,2164.27657594154,0.496418714523315,-0.641989409923553,-0.461730241775513,-0.35808265209198
torso_frame_kinect,0,-162.452648981456,-509.043000907934,2047.6423298004,-0.72552901506424,0.323686957359314,0.245845943689346,0.55533242225647
torso_frame_world,0,140.523881678961,391.416157130097,250.300895388049,-0.00747892567941425,0.0272955982038809,0.473405752843701,-0.88038969165016
world_frame,0,0,0,0,0,0,0,1
world_frame_kinect,0,251.377586370044,-734.937676410867,2163.05572259038,0.496376812458038,-0.641759753227234,-0.461954891681671,-0.358262658119202
torso_frame_kinect,0,-162.209457337689,-508.983717113128,2047.54435184798,-0.72546660900116,0.324007332324982,0.246436178684235,0.554965436458588
torso_frame_world,0,140.621160189421,391.180135880346,250.271148759208,-0.00695502429185846,0.0272877852724664,0.47297748913189,-0.880624380304404
world_frame,0,0,0,0,0,0,0,1
world_frame_kinect,0,251.365139483689,-734.951819078641,2162.9843373333,0.496199876070023,-0.641887903213501,-0.461960941553116,-0.358270227909088
torso_frame_kinect,0,-162.168915890347,-508.973828157762,2047.52799133182,-0.725456237792969,0.324060618877411,0.246534511446953,0.554904222488403
torso_frame_world,0,140.689690217672,391.216410950151,250.262378733986,-0.00676930868060197,0.0271228356407569,0.472850279935312,-0.880699234138357
world_frame,0,0,0,0,0,0,0,1
world_frame_kinect,0,251.415021387107,-735.011706414451,2162.98515741133,0.496119618415833,-0.641813814640045,-0.462026596069336,-0.35842952132225
torso_frame_kinect,0,-162.752204026991,-509.061917492926,2047.54271713461,-0.725355923175812,0.323818862438202,0.245372354984283,0.555691003799438
torso_frame_world,0,140.928506446883,391.758188504977,250.404776094881,-0.00791909307083726,0.0273839420788831,0.473636227265182,-0.88025912770227
world_frame,0,0,0,0,0,0,0,1
world_frame_kinect,0,251.430685513765,-735.112155169183,2163.26528460876,0.496248662471771,-0.641873240470886,-0.461887896060944,-0.358323246240616
torso_frame_kinect,0,-163.020672194006,-509.046974944328,2048.07747981522,-0.725692927837372,0.32354336977005,0.244596526026726,0.555753588676453
torso_frame_world,0,139.588244359262,392.252739176382,249.317211189553,-0.00801858432482793,0.026752030368412,0.474331505895566,-0.879903207001451
world_frame,0,0,0,0,0,0,0,1
world_frame_kinect,0,251.249350965788,-734.681267030559,2161.98820555891,0.49607253074646,-0.641812086105347,-0.462013304233551,-0.358515053987503
torso_frame_kinect,0,-163.086927068323,-509.283511247586,2048.84168759865,-0.725574731826782,0.323250830173492,0.244627356529236,0.556064486503601
torso_frame_world,0,140.480094207761,392.343126688403,250.172473098293,-0.00807774482998872,0.0275451684373222,0.474409127051474,-0.879836344955401
world_frame,0,0,0,0,0,0,0,1
world_frame_kinect,0,251.439211023906,-735.403258096615,2164.13252559491,0.496263921260834,-0.641967952251434,-0.461659163236618,-0.358427286148071
torso_frame_kinect,0,-162.913809828696,-509.609116633487,2049.67551960958,-0.725299715995789,0.322809427976608,0.245127528905869,0.556459188461304
torso_frame_world,0,139.950205524635,392.301055552006,249.682815784586,-0.00785061434850203,0.0282884554010829,0.474510460485879,-0.879760168474824
world_frame,0,0,0,0,0,0,0,1
world_frame_kinect,0,251.452220635177,-735.437062221568,2164.26279169234,0.496216177940369,-0.641974151134491,-0.461715787649155,-0.358409225940704
torso_frame_kinect,0,-162.79170979942,-509.741753922193,2050.37854610288,-0.725300431251526,0.32258129119873,0.245407283306122,0.556467294692993
torso_frame_world,0,139.207200595996,392.21027410004,249.406384403535,-0.00776282627759616,0.0282409741545522,0.474516515369977,-0.879759207140294
world_frame,0,0,0,0,0,0,0,1
world_frame_kinect,0,251.42527524655,-735.372783817881,2164.07120609613,0.496269881725311,-0.641771018505096,-0.461973190307617,-0.358367025852203
torso_frame_kinect,0,-163.407986720551,-510.273620993825,2053.23949432584,-0.72474992275238,0.323069632053375,0.245287954807281,0.55695366859436
torso_frame_world,0,136.730432004588,393.35409008765,248.082761131186,-0.00870771480813257,0.0285530163411753,0.474208222512279,-0.879906507910008
world_frame,0,0,0,0,0,0,0,1
world_frame_kinect,0,251.400072473411,-735.336688867128,2163.91336755512,0.496363341808319,-0.641720175743103,-0.462061822414398,-0.358214020729065
torso_frame_kinect,0,-163.499362590493,-510.349343907893,2053.59365943328,-0.724656462669373,0.323122173547745,0.245268881320953,0.55705314874649
torso_frame_world,0,136.799212691572,393.706157118145,247.902261408951,-0.00850603233295406,0.0288469370249431,0.474119170145288,-0.879946881430336
world_frame,0,0,0,0,0,0,0,1
world_frame_kinect,0,251.482188712313,-735.493074561096,2164.38495888933,0.496274352073669,-0.64188688993454,-0.461777538061142,-0.358405470848084
torso_frame_kinect,0,-162.536001676498,-510.921630199029,2056.03395188841,-0.72452986240387,0.322368174791336,0.247298568487167,0.556757271289825
torso_frame_world,0,134.382348831924,393.27378834514,246.460247599983,-0.00677168016563723,0.0299412710189985,0.473594387142781,-0.880207941968462
world_frame,0,0,0,0,0,0,0,1
world_frame_kinect,0,251.442862918235,-735.40090226225,2164.18257441621,0.4962397813797,-0.641879677772522,-0.461840897798538,-0.358384549617767
torso_frame_kinect,0,-162.232544077918,-511.286548845061,2056.86575313015,-0.72429633140564,0.321624726057053,0.247961550951004,0.557196080684662
torso_frame_world,0,133.882407503776,393.110670380679,246.091691082451,-0.00635482258735661,0.0309500307780444,0.473796352948098,-0.880067456367864
world_frame,0,0,0,0,0,0,0,1
world_frame_kinect,0,251.48672975812,-735.518926409389,2164.46613939394,0.496260285377502,-0.641889870166779,-0.461847215890884,-0.358329772949219
torso_frame_kinect,0,-162.22689207524,-511.253603351123,2058.06735907535,-0.724665343761444,0.321853786706924,0.247878804802895,0.556620538234711
torso_frame_world,0,133.026880981883,393.201475986173,246.01972764483,-0.0063307336797549,0.0301108769960818,0.473863038751553,-0.880060837330435
world_frame,0,0,0,0,0,0,0,1
world_frame_kinect,0,251.51380761367,-735.545494680822,2164.56179152024,0.496222615242004,-0.641834080219269,-0.462127566337585,-0.3581203520298
torso_frame_kinect,0,-162.449416249907,-511.261528719387,2059.16106778352,-0.724933743476868,0.321885943412781,0.247357785701752,0.55648410320282
torso_frame_world,0,132.080764545711,393.676325537503,245.66594806281,-0.00651618084388694,0.0296292178038277,0.474142915949198,-0.879925078682688
world_frame,0,0,0,0,0,0,0,1
world_frame_kinect,0,251.51380761367,-735.545494680822,2164.56179152024,0.496222615242004,-0.641834080219269,-0.462127566337585,-0.3581203520298
torso_frame_kinect,0,-162.544545250628,-511.366158354934,2060.33747238897,-0.725032508373261,0.321987867355347,0.247319787740707,0.556313395500183
torso_frame_world,0,130.655751852076,394.104246341723,245.010455180286,-0.00646609163562227,0.029428928827774,0.473922506968336,-0.880050899207459
world_frame,0,0,0,0,0,0,0,1
world_frame_kinect,0,251.460596504241,-735.454414687242,2164.27673539129,0.49634376168251,-0.64174747467041,-0.462048530578613,-0.358209818601608
torso_frame_kinect,0,-162.544998750419,-511.355149312191,2060.92155202755,-0.725341320037842,0.321771800518036,0.247118026018143,0.556125462055206
torso_frame_world,0,130.590459934578,394.243642456327,244.981623343821,-0.00619495118433524,0.0292756344467014,0.474391945851501,-0.87980500198555
world_frame,0,0,0,0,0,0,0,1
world_frame_kinect,0,251.531477991776,-735.573817192486,2164.67368560469,0.49619272351265,-0.641942620277405,-0.46199569106102,-0.358137667179108
torso_frame_kinect,0,-162.491906237971,-511.346606368564,2061.12974016984,-0.725516974925995,0.321612417697906,0.247071668505669,0.556009232997894
torso_frame_world,0,130.087259572971,394.370335088848,244.681182514151,-0.00588952269121157,0.0292008612419875,0.474366810795762,-0.879823136795489
world_frame,0,0,0,0,0,0,0,1
world_frame_kinect,0,251.494946776369,-735.51084230355,2164.49716114622,0.496253669261932,-0.64190399646759,-0.461840093135834,-0.358322858810425
torso_frame_kinect,0,-162.412102002108,-511.45652043829,2061.01552158889,-0.725189208984375,0.321656048297882,0.247472152113914,0.556233406066895
torso_frame_world,0,130.132515777886,394.193302390298,244.652343173005,-0.00598005528433675,0.0295361006979642,0.474084254128073,-0.87996362293119
world_frame,0,0,0,0,0,0,0,1
world_frame_kinect,0,251.477347014365,-735.482689381234,2164.38570701233,0.496283710002899,-0.641795456409454,-0.461972236633301,-0.358305364847183
torso_frame_kinect,0,-162.467400472291,-511.592947881617,2061.05719807686,-0.724953413009644,0.321514487266541,0.247513815760612,0.556603848934174
torso_frame_world,0,130.149840575818,394.245735529559,244.509662004579,-0.00615625056485,0.0299541812893519,0.474159410266627,-0.879907779973488
world_frame,0,0,0,0,0,0,0,1
world_frame_kinect,0,251.477347014365,-735.482689381234,2164.38570701233,0.496283710002899,-0.641795456409454,-0.461972236633301,-0.358305364847183
torso_frame_kinect,0,-162.468460031724,-511.615279174727,2061.14369050029,-0.724965631961823,0.321416556835175,0.247512102127075,0.556645274162292
torso_frame_world,0,130.008474795417,394.264014803866,244.4831468966,-0.00617296721439101,0.0301024452874014,0.474248018257405,-0.879854848507646
world_frame,0,0,0,0,0,0,0,1
world_frame_kinect,0,251.470005404911,-735.490692906756,2164.35734844266,0.496320247650146,-0.641841948032379,-0.461923509836197,-0.358234316110611
torso_frame_kinect,0,-162.507008815982,-511.656045637179,2060.93706179912,-0.724755227565765,0.321579575538635,0.24754786491394,0.556809186935425
torso_frame_world,0,130.289413972266,394.25048259907,244.48776210273,-0.00633738367155303,0.0301710985856341,0.474082567045619,-0.8799404877614
world_frame,0,0,0,0,0,0,0,1
world_frame_kinect,0,251.477347014365,-735.482689381234,2164.38570701233,0.496283710002899,-0.641795456409454,-0.461972236633301,-0.358305364847183
torso_frame_kinect,0,-162.460088313242,-511.534851847664,2061.03866949913,-0.724988996982574,0.321711897850037,0.247503519058228,0.55644816160202
torso_frame_world,0,130.442793559905,394.111180489269,244.812625579878,-0.00630458982442461,0.0297152573452082,0.474195894171641,-0.879895169653074
world_frame,0,0,0,0,0,0,0,1
world_frame_kinect,0,251.51380761367,-735.545494680822,2164.56179152024,0.496222615242004,-0.641834080219269,-0.462127566337585,-0.3581203520298
torso_frame_kinect,0,-162.45377118513,-511.407296750797,2061.15291183891,-0.725349485874176,0.321661859750748,0.247267290949821,0.556112110614777
torso_frame_world,0,130.297263371259,394.142488620962,244.897491852834,-0.00613723095078987,0.0292336761922878,0.474381425922522,-0.879812473946725
world_frame,0,0,0,0,0,0,0,1
world_frame_kinect,0,251.51380761367,-735.545494680822,2164.56179152024,0.496222615242004,-0.641834080219269,-0.462127566337585,-0.3581203520298
torso_frame_kinect,0,-162.628800813139,-511.376889514285,2061.00109550378,-0.72522360086441,0.32190078496933,0.247096627950668,0.556213796138763
torso_frame_world,0,130.507410551035,394.340502240758,244.938237990718,-0.00635812060198723,0.0293165186208576,0.474290626247403,-0.879857100836386
world_frame,0,0,0,0,0,0,0,1
world_frame_kinect,0,251.523241918057,-735.58184668744,2164.64257044801,0.496199131011963,-0.641928672790527,-0.462002396583557,-0.358144998550415
torso_frame_kinect,0,-162.502290778043,-511.458745025012,2060.38896713625,-0.724804759025574,0.322004854679108,0.247524589300156,0.556509256362915
torso_frame_world,0,131.387855701133,393.964626280145,245.292428952726,-0.00653852462048679,0.0298646220092716,0.474101684353563,-0.879939171159658
world_frame,0,0,0,0,0,0,0,1
world_frame_kinect,0,251.572249320219,-735.649604350214,2164.88787480828,0.496152013540268,-0.641977310180664,-0.462107956409454,-0.357986748218536
torso_frame_kinect,0,-162.481375875539,-511.481206081786,2060.25667904232,-0.724607586860657,0.322137892246246,0.247719317674637,0.556602418422699
torso_frame_world,0,130.989910548932,393.925046011283,244.972917453236,-0.00656121686396548,0.0299229894988747,0.473729942367469,-0.880137209097098
world_frame,0,0,0,0,0,0,0,1
world_frame_kinect,0,251.444656449222,-735.47288386354,2164.37189320576,0.496212214231491,-0.641823709011078,-0.462137401103973,-0.358140796422958
torso_frame_kinect,0,-162.454808239856,-511.482708228026,2060.18208236756,-0.724743127822876,0.321956962347031,0.247592493891716,0.556587040424347
torso_frame_world,0,131.212154314573,393.90656245016,245.133099798081,-0.00651769960454057,0.0298744072909446,0.473948814457511,-0.880021341022591
world_frame,0,0,0,0,0,0,0,1
world_frame_kinect,0,251.51380761367,-735.545494680822,2164.56179152024,0.496222615242004,-0.641834080219269,-0.462127566337585,-0.3581203520298
torso_frame_kinect,0,-162.443279277398,-511.481581726471,2060.15581314762,-0.724827110767365,0.321855455636978,0.247512876987457,0.556571662425995
torso_frame_world,0,131.225049885304,393.91475856829,245.141191408454,-0.00645827022791982,0.0298456111915301,0.474032778577864,-0.879977531004069
world_frame,0,0,0,0,0,0,0,1
world_frame_kinect,0,251.518100904719,-735.558444511276,2164.59984711375,0.496243238449097,-0.641830146312714,-0.462084740400314,-0.358154267072678
torso_frame_kinect,0,-162.612455433352,-511.564559122661,2059.33516844712,-0.724447071552277,0.321249604225159,0.247337192296982,0.557493805885315
torso_frame_world,0,132.308341530598,393.853942049058,245.558389809674,-0.00691819229798108,0.0307918228112882,0.474585747849807,-0.879643319875235
world_frame,0,0,0,0,0,0,0,1
world_frame_kinect,0,251.572320305357,-735.674812300143,2164.93333528115,0.496267348527908,-0.64185243844986,-0.462062537670136,-0.358109265565872
torso_frame_kinect,0,-162.572773568829,-511.631052389555,2059.0088234648,-0.724252998828888,0.321005135774612,0.247468918561935,0.557828366756439
torso_frame_world,0,132.166965944753,393.725691141192,245.096190068518,-0.00691090789197376,0.0311775403376722,0.474863117401215,-0.879480085085843
world_frame,0,0,0,0,0,0,0,1
world_frame_kinect,0,251.454087350932,-735.420354455578,2164.17650407053,0.496103167533875,-0.641920149326324,-0.462174117565155,-0.358071684837341
torso_frame_kinect,0,-162.966771328461,-511.241070251167,2060.5953308785,-0.725276529788971,0.322199821472168,0.246447026729584,0.55625981092453
torso_frame_world,0,130.486479641495,394.584266188003,245.047071811724,-0.00701011003812799,0.0287726794360692,0.474261804544675,-0.879885635764871
world_frame,0,0,0,0,0,0,0,1
world_frame_kinect,0,251.460596504241,-735.454414687242,2164.27673539129,0.49634376168251,-0.64174747467041,-0.462048530578613,-0.358209818601608
torso_frame_kinect,0,-162.593908908798,-511.491468170349,2059.47389035095,-0.724559664726257,0.321716040372849,0.247388869524002,0.557055473327637
torso_frame_world,0,131.833885138768,394.042105385427,245.334134316221,-0.00667257230396478,0.0305093019459754,0.474034091941992,-0.879952464028796
world_frame,0,0,0,0,0,0,0,1
world_frame_kinect,0,251.536770070444,-735.64038703132,2164.78869540415,0.496338367462158,-0.64190548658371,-0.46179461479187,-0.358261585235596
torso_frame_kinect,0,-162.837437641729,-511.342195373578,2060.15569446169,-0.724996149539948,0.321959137916565,0.246778726577759,0.556617677211761
torso_frame_world,0,130.933459780468,394.386457752899,245.060530514982,-0.00689001244684527,0.0294352928471907,0.474244135524532,-0.879874190543211
world_frame,0,0,0,0,0,0,0,1
world_frame_kinect,0,251.468882260046,-735.474873718658,2164.3368039074,0.496317267417908,-0.641792595386505,-0.461984723806381,-0.358247965574265
torso_frame_kinect,0,-163.032787335884,-511.167931423874,2060.88184404996,-0.725461721420288,0.32243812084198,0.246274292469025,0.555956721305847
torso_frame_world,0,130.501891449872,394.944852509504,244.856522810535,-0.00659973700989755,0.0286267354325967,0.474174532103661,-0.879940604014923
world_frame,0,0,0,0,0,0,0,1
world_frame_kinect,0,251.514654449817,-735.559494193431,2164.63994185888,0.49619048833847,-0.642011761665344,-0.461687684059143,-0.358413696289063
torso_frame_kinect,0,-162.824215711752,-511.420082549221,2060.63337861489,-0.724826216697693,0.322226107120514,0.247040420770645,0.556568503379822
torso_frame_world,0,130.711322151546,394.351400273933,244.911367724594,-0.00694258673304146,0.0294317134535218,0.474053937301212,-0.8799763856274
world_frame,0,0,0,0,0,0,0,1
world_frame_kinect,0,251.444656449222,-735.47288386354,2164.37189320576,0.496212214231491,-0.641823709011078,-0.462137401103973,-0.358140796422958
torso_frame_kinect,0,-162.886141139703,-511.49991983718,2060.7085590578,-0.724672138690948,0.322152346372604,0.247050046920776,0.556807398796082
torso_frame_world,0,130.546539282322,394.575858522763,244.707642017758,-0.00695036875100501,0.0297560488742589,0.473922512693805,-0.880036204875463
world_frame,0,0,0,0,0,0,0,1
world_frame_kinect,0,251.477347014365,-735.482689381234,2164.38570701233,0.496283710002899,-0.641795456409454,-0.461972236633301,-0.358305364847183
torso_frame_kinect,0,-162.89056364086,-511.505618926758,2060.713928025,-0.72466105222702,0.322147130966187,0.247050672769547,0.556824624538422
torso_frame_world,0,130.871422201675,394.647744917589,244.896055238805,-0.00686854435827647,0.0299894746195097,0.473901496364628,-0.880040241269574
world_frame,0,0,0,0,0,0,0,1
world_frame_kinect,0,251.553428550611,-735.640087018383,2164.86849414851,0.496298342943192,-0.641922354698181,-0.461775004863739,-0.358311980962753
torso_frame_kinect,0,-162.71360323541,-511.508855888641,2060.83897096059,-0.724595844745636,0.322426855564117,0.24748820066452,0.556553065776825
torso_frame_world,0,130.752509073923,394.344132299513,244.865381609396,-0.00675572241569248,0.0296970070081705,0.473633604246209,-0.880195237954708
world_frame,0,0,0,0,0,0,0,1
world_frame_kinect,0,251.524206143777,-735.558181656769,2164.62477702369,0.496183216571808,-0.641847550868988,-0.462100088596344,-0.358186364173889
torso_frame_kinect,0,-162.849646954093,-511.510705984013,2060.74923147245,-0.724636554718018,0.32221308350563,0.247160583734512,0.556769490242004
torso_frame_world,0,130.565193299308,394.355663902359,244.69515774034,-0.00709899052830642,0.0296053837298707,0.474130759578301,-0.879927922280791
world_frame,0,0,0,0,0,0,0,1
world_frame_kinect,0,251.444603541619,-735.383900748133,2164.09539198121,0.496126592159271,-0.641825556755066,-0.462299287319183,-0.358047157526016
torso_frame_kinect,0,-162.872317049969,-511.511011997691,2060.73426539087,-0.724643349647522,0.322177439928055,0.247106000781059,0.556805431842804
torso_frame_world,0,130.417813689093,394.504138352423,244.747142668888,-0.00707450038986267,0.029750484200704,0.473882608049484,-0.880056892434959
world_frame,0,0,0,0,0,0,0,1
world_frame_kinect,0,251.460596504241,-735.454414687242,2164.27673539129,0.49634376168251,-0.64174747467041,-0.462048530578613,-0.358209818601608
torso_frame_kinect,0,-162.552509088355,-511.554588998001,2060.70805773404,-0.724628090858459,0.322069644927979,0.247630268335342,0.556654632091522
torso_frame_world,0,130.669973611607,394.056902770135,244.955964146825,-0.00675940131054495,0.0299127920799107,0.473848807941563,-0.880072066694692
world_frame,0,0,0,0,0,0,0,1
world_frame_kinect,0,251.496939806818,-735.516941738279,2164.45199858849,0.496282637119293,-0.641785979270935,-0.46220400929451,-0.35802486538887
torso_frame_kinect,0,-162.476180697573,-511.510063397618,2060.66836379954,-0.724720597267151,0.321997582912445,0.247719258069992,0.556536376476288
torso_frame_world,0,130.879375317742,394.069769506729,244.910945519175,-0.00634242733413482,0.0298444550590133,0.473830433557522,-0.880087383361693
world_frame,0,0,0,0,0,0,0,1
world_frame_kinect,0,251.526917893922,-735.551821593707,2164.63200465231,0.496168076992035,-0.64181911945343,-0.462131857872009,-0.358217418193817
torso_frame_kinect,0,-162.505296751901,-511.50965314836,2060.81474363106,-0.724628329277039,0.322353422641754,0.247822344303131,0.556404590606689
torso_frame_world,0,130.356536873117,394.231588640873,244.665337331847,-0.0063633938595648,0.0298290008397936,0.473331829160438,-0.880356017433357
world_frame,0,0,0,0,0,0,0,1
world_frame_kinect,0,251.477347014365,-735.482689381234,2164.38570701233,0.496283710002899,-0.641795456409454,-0.461972236633301,-0.358305364847183
torso_frame_kinect,0,-162.459850246704,-511.487487930992,2060.75828138514,-0.724697589874268,0.322228401899338,0.247841030359268,0.556378424167633
torso_frame_world,0,130.464106241917,394.120083629367,244.674871773413,-0.00628160063208083,0.0298566114423011,0.473614000450486,-0.880203898437157
world_frame,0,0,0,0,0,0,0,1
world_frame_kinect,0,251.466859362569,-735.458921451143,2164.28982610913,0.496164441108704,-0.641908407211304,-0.462046384811401,-0.358172595500946
torso_frame_kinect,0,-162.403602814194,-511.466871749495,2060.63675905353,-0.724805772304535,0.321944445371628,0.247810274362564,0.556415677070618
torso_frame_world,0,130.481429508178,394.094344583942,244.762375028569,-0.00612412724964855,0.029894690312464,0.473658116051515,-0.880179976854212
world_frame,0,0,0,0,0,0,0,1
world_frame_kinect,0,251.477347014365,-735.482689381234,2164.38570701233,0.496283710002899,-0.641795456409454,-0.461972236633301,-0.358305364847183
torso_frame_kinect,0,-162.341267132482,-511.365495071597,2060.59322794778,-0.724975228309631,0.32226687669754,0.24782706797123,0.556000649929047
torso_frame_world,0,130.618314606332,394.128642126954,244.798219758155,-0.00581469530907372,0.0295821170966765,0.473410508656698,-0.88032583624471
world_frame,0,0,0,0,0,0,0,1
world_frame_kinect,0,251.505281061797,-735.5233814934,2164.55971170415,0.496214091777802,-0.64191734790802,-0.461812674999237,-0.358388930559158
torso_frame_kinect,0,-162.246415898218,-511.376266280343,2060.30388126122,-0.724803805351257,0.322337687015533,0.248065680265427,0.556076765060425
torso_frame_world,0,130.902165996534,393.848781251987,244.88714500552,-0.00591429066637508,0.0296959574410329,0.47340912577699,-0.880322083619763
world_frame,0,0,0,0,0,0,0,1
world_frame_kinect,0,251.485503136897,-735.46360422692,2164.38398810021,0.496118545532227,-0.6419358253479,-0.4620121717453,-0.358231276273727
torso_frame_kinect,0,-162.362096269253,-511.326756193962,2059.87350968205,-0.724970161914825,0.321936666965485,0.247528046369553,0.556331694126129
torso_frame_world,0,131.41655612685,393.78152488116,245.377477345992,-0.00631574315206455,0.0296039301986209,0.473967943940532,-0.880021651337066
world_frame,0,0,0,0,0,0,0,1
world_frame_kinect,0,251.518100904719,-735.558444511276,2164.59984711375,0.496243238449097,-0.641830146312714,-0.462084740400314,-0.358154267072678
torso_frame_kinect,0,-162.381670857851,-511.320232704418,2059.81228576319,-0.724999308586121,0.321873307228088,0.247441560029984,0.556368768215179
torso_frame_world,0,131.241821132901,393.720207918839,245.171363929145,-0.00640714967333822,0.0294645085782733,0.474204682419975,-0.879898124977133
world_frame,0,0,0,0,0,0,0,1
world_frame_kinect,0,251.448897583298,-735.39685546567,2164.13346257367,0.496147215366364,-0.641821563243866,-0.462256610393524,-0.358080893754959
torso_frame_kinect,0,-162.409480404006,-511.380995519169,2059.67695353402,-0.724885284900665,0.32164454460144,0.247452586889267,0.556644678115845
torso_frame_world,0,131.633534757801,393.75074251593,245.389446931436,-0.00644081191984742,0.0298881659567405,0.474271846209131,-0.87984738981879
world_frame,0,0,0,0,0,0,0,1
world_frame_kinect,0,251.51380761367,-735.545494680822,2164.56179152024,0.496222615242004,-0.641834080219269,-0.462127566337585,-0.3581203520298
torso_frame_kinect,0,-162.430288787258,-511.426487067277,2059.57543594718,-0.724799633026123,0.321472942829132,0.247460722923279,0.55685168504715
torso_frame_world,0,131.890304834035,393.839960690058,245.305102464302,-0.00630893398291704,0.0302655840829363,0.474396066064899,-0.879768471971044
world_frame,0,0,0,0,0,0,0,1
world_frame_kinect,0,251.541879203702,-735.586511185949,2164.73669275265,0.496153056621552,-0.641956090927124,-0.461968064308167,-0.358203887939453
torso_frame_kinect,0,-162.509842617686,-511.347961368772,2058.79117987661,-0.724568486213684,0.321911215782166,0.247431725263596,0.556912362575531
torso_frame_world,0,132.322336041948,393.876650629928,245.376998266063,-0.00648237276978938,0.0303007196702329,0.473887560779203,-0.880040013277508
world_frame,0,0,0,0,0,0,0,1
world_frame_kinect,0,251.507506586117,-735.528873373976,2164.57583490907,0.496206998825073,-0.641929626464844,-0.461795449256897,-0.358399271965027
torso_frame_kinect,0,-162.512494823073,-511.345340773171,2058.76503981256,-0.724560737609863,0.321925789117813,0.24743065237999,0.556914389133453
torso_frame_world,0,132.735903902768,393.672789551821,245.737454970765,-0.00668555403048775,0.0302543921616478,0.474081844025571,-0.879935440977092
world_frame,0,0,0,0,0,0,0,1
world_frame_kinect,0,251.524715765143,-735.623677441653,2164.86098089266,0.49615666270256,-0.641969919204712,-0.461977124214172,-0.358162581920624
torso_frame_kinect,0,-162.497158086725,-511.262219480963,2059.27612464805,-0.724664330482483,0.322461843490601,0.247628182172775,0.556381404399872
torso_frame_world,0,131.945692769589,393.881470588752,245.621825606278,-0.00652094668543203,0.0297341655577742,0.47332535407875,-0.880361554044209
world_frame,0,0,0,0,0,0,0,1
world_frame_kinect,0,251.535845599366,-735.611969709678,2164.75714199185,0.496328383684158,-0.6418137550354,-0.461907207965851,-0.358294457197189
torso_frame_kinect,0,-162.500825465169,-511.240300778423,2059.29659912763,-0.724663853645325,0.322593629360199,0.247658297419548,0.556292176246643
torso_frame_world,0,132.473180319301,393.899880894976,245.754268247671,-0.00636261149729367,0.0296952188087261,0.473373180994072,-0.880338311486209
world_frame,0,0,0,0,0,0,0,1
world_frame_kinect,0,251.615714410145,-735.727538337849,2165.19442590506,0.496135950088501,-0.641971468925476,-0.461890399456024,-0.358300298452377
torso_frame_kinect,0,-162.503566712847,-511.22385464431,2059.31195531728,-0.72466367483139,0.322692513465881,0.247680962085724,0.556225001811981
torso_frame_world,0,132.132896707597,393.750772502481,245.709902383138,-0.00657902337423315,0.0294848523668089,0.473347940397269,-0.880357363378084
world_frame,0,0,0,0,0,0,0,1
world_frame_kinect,0,251.509319820419,-735.60091269314,2164.76536471387,0.496179401874542,-0.641873478889465,-0.462092101573944,-0.358155369758606
torso_frame_kinect,0,-162.504022813565,-511.221113063157,2059.31451475308,-0.72466367483139,0.322708994150162,0.247684717178345,0.556213796138763
torso_frame_world,0,131.645827042209,393.897536518687,245.413724801488,-0.0065086334294155,0.0294945141639822,0.473139192960415,-0.880469769730841
world_frame,0,0,0,0,0,0,0,1
world_frame_kinect,0,251.477347014365,-735.482689381234,2164.38570701233,0.496283710002899,-0.641795456409454,-0.461972236633301,-0.358305364847183
torso_frame_kinect,0,-162.450924614454,-511.159586859161,2059.3352018616,-0.725010514259338,0.322425872087479,0.247425988316536,0.556041061878204
torso_frame_world,0,131.665133809267,393.889105288308,245.430435494811,-0.00625178912404441,0.0291926518367391,0.473506046931494,-0.880284458417163
world_frame,0,0,0,0,0,0,0,1
world_frame_kinect,0,251.487690581112,-735.495257545884,2164.44834034306,0.496244162321091,-0.641808807849884,-0.461944818496704,-0.358371526002884
torso_frame_kinect,0,-162.435469049329,-511.141611964803,2059.34123828842,-0.725111663341522,0.322343289852142,0.247350543737411,0.55599057674408
torso_frame_world,0,131.652915149691,393.907909790242,245.441992731379,-0.00618403231540868,0.0292525820131189,0.473635438620294,-0.880213335205079
world_frame,0,0,0,0,0,0,0,1
world_frame_kinect,0,251.494946776369,-735.51084230355,2164.49716114622,0.496253669261932,-0.64190399646759,-0.461840093135834,-0.358322858810425
torso_frame_kinect,0,-162.434365623254,-511.14032768289,2059.3416697076,-0.725118935108185,0.32233738899231,0.247345179319382,0.555987000465393
torso_frame_world,0,131.578709580971,393.843056544681,245.481864163246,-0.00627919882024894,0.0291032811154264,0.473632682933717,-0.880219093378178
world_frame,0,0,0,0,0,0,0,1
world_frame_kinect,0,251.477347014365,-735.482689381234,2164.38570701233,0.496283710002899,-0.641795456409454,-0.461972236633301,-0.358305364847183
torso_frame_kinect,0,-162.433813937355,-511.13968554454,2059.34188545641,-0.725122511386871,0.322334408760071,0.2473424077034,0.55598521232605
torso_frame_world,0,131.947168918581,393.777859840814,245.686266213785,-0.00631960638088985,0.0291965364739891,0.473827171589236,-0.880111036345334
world_frame,0,0,0,0,0,0,0,1
world_frame_kinect,0,251.531477991776,-735.573817192486,2164.67368560469,0.49619272351265,-0.641942620277405,-0.46199569106102,-0.358137667179108
torso_frame_kinect,0,-162.469109667617,-511.179061746969,2059.3294755851,-0.724893152713776,0.322529971599579,0.247515469789505,0.556093990802765
torso_frame_world,0,131.827261464352,393.75524180168,245.515384266003,-0.00644575715302325,0.0293428585774098,0.473609203999778,-0.880222568872173
world_frame,0,0,0,0,0,0,0,1
world_frame_kinect,0,251.457915333979,-735.48802479092,2164.44510677507,0.49616140127182,-0.641936182975769,-0.462048441171646,-0.358124434947968
torso_frame_kinect,0,-162.495629566665,-511.208549917204,2059.32017341612,-0.72472095489502,0.322676599025726,0.247645199298859,0.556175589561462
torso_frame_world,0,131.701150974948,393.937319074853,245.388071388739,-0.00638488486917191,0.0294429307480042,0.473159000803348,-0.880461757848093
world_frame,0,0,0,0,0,0,0,1
world_frame_kinect,0,251.489772084279,-735.501543358899,2164.46681240827,0.49625426530838,-0.641806900501251,-0.461923956871033,-0.358387976884842
torso_frame_kinect,0,-162.503372301903,-511.217143815791,2059.31746150423,-0.724670708179474,0.322719365358353,0.247683018445969,0.556199371814728
torso_frame_world,0,131.641743062127,393.897925952295,245.41655868239,-0.00650483623430371,0.0294774483709873,0.473132504840696,-0.880473963275615
world_frame,0,0,0,0,0,0,0,1
world_frame_kinect,0,251.477347014365,-735.482689381234,2164.38570701233,0.496283710002899,-0.641795456409454,-0.461972236633301,-0.358305364847183
torso_frame_kinect,0,-162.504202088642,-511.218064620914,2059.3171712524,-0.724665462970734,0.322723954916,0.247687131166458,0.556201815605164
torso_frame_world,0,131.635803692274,393.972686788013,245.067606360986,-0.00628175734190047,0.0295018465241294,0.473256344277839,-0.880408208263155
world_frame,0,0,0,0,0,0,0,1
world_frame_kinect,0,251.448821203488,-735.380188271624,2164.17321903436,0.496071398258209,-0.641934394836426,-0.461940109729767,-0.358392000198364
torso_frame_kinect,0,-162.504340390345,-511.218218089005,2059.31712288294,-0.724664509296417,0.32272469997406,0.247687876224518,0.556202292442322
torso_frame_world,0,131.725108603415,393.942511431336,245.372517620902,-0.0064059231472725,0.0294931815204795,0.47311543977591,-0.880483331493606
world_frame,0,0,0,0,0,0,0,1
world_frame_kinect,0,251.489919083211,-735.500758529026,2164.46449014055,0.49623703956604,-0.641821146011353,-0.461927592754364,-0.358381539583206
torso_frame_kinect,0,-162.504461405253,-511.218352373717,2059.31708056102,-0.724663734436035,0.322725385427475,0.247688412666321,0.556202590465546
torso_frame_world,0,131.346422698635,393.984511987992,244.851163430052,-0.00630111035885126,0.0295523921533025,0.473288760570872,-0.880388948842244
world_frame,0,0,0,0,0,0,0,1
world_frame_kinect,0,251.393732471175,-735.258183773537,2163.8263396448,0.496068120002747,-0.641975462436676,-0.46192455291748,-0.358342975378037
torso_frame_kinect,0,-162.247505430477,-511.001080683186,2059.7393274109,-0.725244283676147,0.322911024093628,0.247801154851913,0.555287063121796
torso_frame_world,0,131.999489894701,393.517675501096,245.998302302176,-0.00600395396394395,0.0285445332879601,0.473317462494819,-0.880408849259046
world_frame,0,0,0,0,0,0,0,1
world_frame_kinect,0,251.562187366881,-735.662726847389,2165.01909697338,0.496079385280609,-0.641927182674408,-0.462230414152145,-0.358019381761551
torso_frame_kinect,0,-162.455283086637,-511.160227063492,2060.26545863064,-0.725185334682465,0.322643488645554,0.247448295354843,0.555676877498627
torso_frame_world,0,130.741581384381,394.080956164068,245.170673422054,-0.00617672867163876,0.0288150685615284,0.473343171178665,-0.880385019264433
world_frame,0,0,0,0,0,0,0,1
world_frame_kinect,0,251.477347014365,-735.482689381234,2164.38570701233,0.496283710002899,-0.641795456409454,-0.461972236633301,-0.358305364847183
torso_frame_kinect,0,-162.306006496513,-511.18562837123,2060.06864896963,-0.725007593631744,0.322722315788269,0.247874483466148,0.555673241615295
torso_frame_world,0,131.188068482071,393.759436455747,245.450966637206,-0.0061422413217225,0.0290315218981644,0.473215458295102,-0.880446803411983
world_frame,0,0,0,0,0,0,0,1
world_frame_kinect,0,251.51380761367,-735.545494680822,2164.56179152024,0.496222615242004,-0.641834080219269,-0.462127566337585,-0.3581203520298
torso_frame_kinect,0,-162.194108679394,-511.204622948476,2059.92096279266,-0.724874019622803,0.322781294584274,0.24819403886795,0.555670380592346
torso_frame_world,0,131.006108916323,393.742778636782,245.237916232617,-0.00587009818169259,0.0292754427033575,0.472804793429233,-0.880661182130903
world_frame,0,0,0,0,0,0,0,1
world_frame_kinect,0,251.477347014365,-735.482689381234,2164.38570701233,0.496283710002899,-0.641795456409454,-0.461972236633301,-0.358305364847183
torso_frame_kinect,0,-162.175464017288,-511.207782929348,2059.89634044697,-0.724851787090302,0.322791188955307,0.248247280716896,0.555669963359833
torso_frame_world,0,130.636617236974,393.633315291669,244.742641119841,-0.00588145713907681,0.0291772091520901,0.473081394738042,-0.880515810693212
world_frame,0,0,0,0,0,0,0,1
world_frame_kinect,0,251.353911827403,-735.179619866587,2163.54067490265,0.496048241853714,-0.641889452934265,-0.462212085723877,-0.35815367102623
torso_frame_kinect,0,-162.166142218373,-511.20936316078,2059.88402954099,-0.724840641021729,0.322796076536179,0.248273879289627,0.555669724941254
torso_frame_world,0,131.116944482599,393.750329678223,245.202099999861,-0.00573538315072977,0.0293352266793288,0.472737076287814,-0.880696432693262
world_frame,0,0,0,0,0,0,0,1
world_frame_kinect,0,251.489919083211,-735.500758529026,2164.46449014055,0.49623703956604,-0.641821146011353,-0.461927592754364,-0.358381539583206
torso_frame_kinect,0,-162.159151101999,-511.210548439791,2059.87479647827,-0.724832355976105,0.322799772024155,0.248293906450272,0.555669486522675
torso_frame_world,0,131.185073617159,393.794467871671,245.17295977814,-0.00564799708624733,0.0294761846832084,0.472734102222312,-0.880693887376028
world_frame,0,0,0,0,0,0,0,1
world_frame_kinect,0,251.505281061797,-735.5233814934,2164.55971170415,0.496214091777802,-0.64191734790802,-0.461812674999237,-0.358388930559158
torso_frame_kinect,0,-162.157985935337,-511.210745995079,2059.87325764421,-0.72483092546463,0.322800397872925,0.248297244310379,0.55566942691803
torso_frame_world,0,131.518255225325,393.754562700187,245.17066103564,-0.00551710071499448,0.0294657281864132,0.472885009033469,-0.880614047522274
world_frame,0,0,0,0,0,0,0,1
world_frame_kinect,0,251.503498436151,-735.563837333099,2164.74535776331,0.496030807495117,-0.642027616500854,-0.461845070123672,-0.358403772115707
torso_frame_kinect,0,-162.156966419055,-511.210918858015,2059.87191116669,-0.724829733371735,0.322800874710083,0.248300135135651,0.555669367313385
torso_frame_world,0,131.518604430701,393.537493785307,245.529553784388,-0.00590053775175696,0.0291877634113585,0.472873562119716,-0.880626965502132
world_frame,0,0,0,0,0,0,0,1
world_frame_kinect,0,251.508590418224,-735.572824095629,2164.73463950273,0.496186703443527,-0.641773641109467,-0.462169706821442,-0.358224153518677
torso_frame_kinect,0,-162.156838979819,-511.210940466017,2059.87174285715,-0.72482967376709,0.32280096411705,0.248300462961197,0.555669486522675
torso_frame_world,0,131.495670485285,393.673796828677,245.408391709831,-0.00576627580383288,0.0294478675236434,0.472908508739416,-0.880600428982139
world_frame,0,0,0,0,0,0,0,1
world_frame_kinect,0,251.54411947686,-735.592037642926,2164.75291857519,0.496146023273468,-0.641968250274658,-0.461950957775116,-0.358213990926743
torso_frame_kinect,0,-162.111970163531,-511.196140242775,2059.31249028827,-0.724833965301514,0.322405397891998,0.24819540977478,0.555940210819244
torso_frame_world,0,132.086946170939,393.427305953556,245.706235359438,-0.00583496626373623,0.0297104362911462,0.47329534166111,-0.880383304422559
world_frame,0,0,0,0,0,0,0,1
world_frame_kinect,0,251.524715765143,-735.623677441653,2164.86098089266,0.49615666270256,-0.641969919204712,-0.461977124214172,-0.358162581920624
torso_frame_kinect,0,-162.104479576679,-511.193665385776,2059.21928268005,-0.724834620952606,0.322339504957199,0.248177886009216,0.555985450744629
torso_frame_world,0,131.647275559817,393.560410783139,245.11503038604,-0.00560787690454529,0.0296133458177471,0.47327405353727,-0.880399495521495
world_frame,0,0,0,0,0,0,0,1
world_frame_kinect,0,251.451530684222,-735.373829052135,2164.18044077772,0.496056377887726,-0.641905784606934,-0.461972028017044,-0.358422815799713
torso_frame_kinect,0,-162.097922396971,-511.191496817387,2059.13772478685,-0.724835157394409,0.322281777858734,0.248162522912025,0.55602490901947
torso_frame_world,0,132.278698787701,393.43478620566,245.730564658906,-0.00574587581545706,0.0299215604924449,0.473408974091241,-0.880315641334794
world_frame,0,0,0,0,0,0,0,1
world_frame_kinect,0,251.534148350357,-735.660011744887,2164.94190641934,0.496132910251617,-0.642064392566681,-0.461852133274078,-0.358187079429626
torso_frame_kinect,0,-162.052352174074,-511.155129383865,2059.08005095991,-0.724960803985596,0.322090327739716,0.248049914836884,0.556022346019745
torso_frame_world,0,132.30254156032,393.224219730137,245.823762581389,-0.00587258104361094,0.0296610827704063,0.473775311313572,-0.880126517808946
world_frame,0,0,0,0,0,0,0,1
world_frame_kinect,0,251.509159109541,-735.576661119973,2164.72276980351,0.496081531047821,-0.641984343528748,-0.462133377790451,-0.358039170503616
torso_frame_kinect,0,-162.282650102935,-511.106523159742,2059.10776014432,-0.725040972232819,0.322219908237457,0.247581019997597,0.556051671504974
torso_frame_world,0,132.248225585239,393.571804833966,245.838320720591,-0.0061116854798083,0.0294544580094124,0.473750503850234,-0.880145182515713
world_frame,0,0,0,0,0,0,0,1
world_frame_kinect,0,251.523753242269,-735.621180294715,2164.85383709251,0.496180295944214,-0.641953945159912,-0.461950659751892,-0.358192563056946
torso_frame_kinect,0,-162.29043231001,-511.157497482511,2058.9723309204,-0.724954605102539,0.322013974189758,0.247548937797546,0.556297838687897
torso_frame_world,0,132.288333773513,393.425320379114,245.923405397655,-0.00638391305235001,0.029564282181996,0.473962381121121,-0.880025488355423
world_frame,0,0,0,0,0,0,0,1
world_frame_kinect,0,251.496726131607,-735.582784478152,2164.68637937061,0.496226012706757,-0.641847968101501,-0.462136596441269,-0.358079254627228
torso_frame_kinect,0,-162.294988477139,-511.053344212564,2059.24221922035,-0.725109577178955,0.322452276945114,0.247583344578743,0.555826544761658
torso_frame_world,0,132.234730439167,393.628616866952,245.839050125345,-0.00603037395236171,0.0291871579589311,0.473595571760208,-0.880238023951134
world_frame,0,0,0,0,0,0,0,1
world_frame_kinect,0,251.541588803861,-735.624997763767,2164.9458313188,0.496135115623474,-0.641973376274109,-0.461949855089188,-0.358221113681793
torso_frame_kinect,0,-161.905716037516,-511.071407418732,2059.27393508337,-0.725129902362823,0.322296798229218,0.248276725411415,0.555580735206604
torso_frame_world,0,131.763667001231,393.507741600244,245.428283027967,-0.00511027580320922,0.029583519045094,0.473139809727045,-0.88047567878595
world_frame,0,0,0,0,0,0,0,1
world_frame_kinect,0,251.531676917985,-735.560144357398,2164.72265900686,0.496151864528656,-0.642029583454132,-0.461664110422134,-0.358465433120728
torso_frame_kinect,0,-161.612362802586,-511.02641406128,2059.44927831736,-0.725235283374786,0.32242152094841,0.248821496963501,0.555127024650574
torso_frame_world,0,131.891061601746,393.082541931961,245.74152741784,-0.00472493080366514,0.0293725294345931,0.47290116045451,-0.880613094374761
world_frame,0,0,0,0,0,0,0,1
world_frame_kinect,0,251.549975915411,-735.644489369356,2165.00292125571,0.496109664440155,-0.642023086547852,-0.46185714006424,-0.358287155628204
torso_frame_kinect,0,-162.224174277853,-511.174582523208,2059.26015746014,-0.724853873252869,0.32241827249527,0.247947618365288,0.556017279624939
torso_frame_world,0,132.218393282061,393.329804878949,245.753244405608,-0.00622889043556337,0.0294469896088179,0.473744611489786,-0.880147782370274
world_frame,0,0,0,0,0,0,0,1
world_frame_kinect,0,251.492093393232,-735.52508710986,2164.57116065769,0.495999306440353,-0.641999959945679,-0.462304294109344,-0.357904255390167
torso_frame_kinect,0,-162.274927681978,-511.204678711638,2058.91523504389,-0.724863469600677,0.321912884712219,0.247615426778793,0.55644553899765
torso_frame_world,0,132.223110109178,393.724093076895,245.413674965123,-0.00588243658914975,0.0299977550073585,0.473792529329822,-0.880105772498705
world_frame,0,0,0,0,0,0,0,1
world_frame_kinect,0,251.495405241123,-735.556419698334,2164.69726886784,0.496137797832489,-0.641987860202789,-0.461716890335083,-0.358491986989975
torso_frame_kinect,0,-162.236361250767,-511.209486140396,2058.95821252048,-0.724854946136475,0.32194858789444,0.2477205991745,0.556389033794403
torso_frame_world,0,132.014282760536,393.551859919095,245.503243131382,-0.00607433433050307,0.0298147232678655,0.473718898011584,-0.880150322618581
world_frame,0,0,0,0,0,0,0,1
world_frame_kinect,0,251.465512279225,-735.482648031997,2164.48063722328,0.496233642101288,-0.641824543476105,-0.461947679519653,-0.358354270458221
torso_frame_kinect,0,-162.414950751281,-511.224688724023,2059.09518730408,-0.724763512611389,0.322218716144562,0.247562348842621,0.556422352790833
torso_frame_world,0,131.794288301916,393.909302227534,245.126996519886,-0.0061254935167651,0.0297859917335134,0.47359207923972,-0.880219186059374
world_frame,0,0,0,0,0,0,0,1
world_frame_kinect,0,251.461440128425,-735.418379299575,2164.28548540508,0.496132791042328,-0.641922533512115,-0.461812317371368,-0.358492940664291
torso_frame_kinect,0,-162.47830530334,-511.208155565405,2059.31232235933,-0.724860906600952,0.322228908538818,0.247458636760712,0.556335687637329
torso_frame_world,0,131.827694533313,393.951526380969,245.345563987717,-0.00623375028968394,0.029561276162869,0.473632124648686,-0.880204454550032
world_frame,0,0,0,0,0,0,0,1
world_frame_kinect,0,251.508473869451,-735.505163652326,2164.55803456518,0.496191054582596,-0.641848087310791,-0.461893498897552,-0.358440667390823
torso_frame_kinect,0,-162.361044349705,-511.218250622256,2059.15630910932,-0.724805414676666,0.322197735309601,0.247653186321259,0.55633956193924
torso_frame_world,0,131.986138656164,393.837359569935,245.357813449687,-0.00604744191923687,0.029745863547177,0.473540661737894,-0.880248745371957
world_frame,0,0,0,0,0,0,0,1
world_frame_kinect,0,251.516133972489,-735.524067816332,2164.61353279407,0.496166408061981,-0.641890108585358,-0.461834311485291,-0.35847607254982
torso_frame_kinect,0,-162.318223565992,-511.168335127338,2059.25000953201,-0.724939942359924,0.322245627641678,0.247634738683701,0.556144714355469
torso_frame_world,0,131.918714401533,393.893515077984,245.343024995202,-0.00584673959950471,0.0297331253084289,0.473533693511552,-0.880254280310387
world_frame,0,0,0,0,0,0,0,1
world_frame_kinect,0,251.531676917985,-735.560144357398,2164.72265900686,0.496151864528656,-0.642029583454132,-0.461664110422134,-0.358465433120728
torso_frame_kinect,0,-162.25219911345,-511.190401729113,2059.14518141675,-0.724892020225525,0.322141140699387,0.24775493144989,0.556214094161987
torso_frame_world,0,131.988698006383,393.757650151614,245.378838082433,-0.00583605640616609,0.0297898605516986,0.473541645339796,-0.880248155228293
world_frame,0,0,0,0,0,0,0,1
world_frame_kinect,0,251.525854677311,-735.532735026848,2164.66809616379,0.496164321899414,-0.641954362392426,-0.461761981248856,-0.358457118272781
torso_frame_kinect,0,-162.236090188045,-510.999580613983,2059.65522922942,-0.725430250167847,0.3223657310009,0.247465401887894,0.555510818958282
torso_frame_world,0,131.623713868102,393.719018953916,245.489014148592,-0.00569884222722701,0.0287998601636723,0.47377089785581,-0.880158637744766
world_frame,0,0,0,0,0,0,0,1
world_frame_kinect,0,251.492990475301,-735.520202005127,2164.64624765766,0.496058881282806,-0.642009019851685,-0.461938440799713,-0.358277499675751
torso_frame_kinect,0,-162.283906247079,-510.826819534475,2060.07028377419,-0.725866317749023,0.322656631469727,0.247151419520378,0.554911613464355
torso_frame_world,0,131.055225320703,393.839192301907,245.579173106618,-0.00569476776906393,0.0279277595904273,0.473704224833463,-0.880222652082553
world_frame,0,0,0,0,0,0,0,1
world_frame_kinect,0,251.47262508566,-735.513721805589,2164.54634854088,0.496142655611038,-0.641945600509644,-0.461977899074554,-0.358224391937256
torso_frame_kinect,0,-162.268444863917,-510.811670493115,2060.14382463417,-0.725928962230682,0.322649449110031,0.247133404016495,0.554841995239258
torso_frame_world,0,130.606623247043,394.027581080043,245.221560067826,-0.00546024957144543,0.02782651587992,0.473512624679081,-0.880330429417347
world_frame,0,0,0,0,0,0,0,1
world_frame_kinect,0,251.45588150577,-735.407021884971,2164.25217666807,0.496185183525085,-0.641864538192749,-0.461845397949219,-0.358481526374817
torso_frame_kinect,0,-162.384784285769,-510.870523671726,2059.75114580122,-0.725615501403809,0.322770863771439,0.247176378965378,0.555162072181702
torso_frame_world,0,131.750057170694,393.84954336471,245.844113717856,-0.00592077008339981,0.0282138567485198,0.473620571909536,-0.880257051453198
world_frame,0,0,0,0,0,0,0,1
world_frame_kinect,0,251.541741932795,-735.624256786787,2164.94357841906,0.496118038892746,-0.641987562179565,-0.461953580379486,-0.35821470618248
torso_frame_kinect,0,-162.446847085536,-510.903630150695,2059.53640765347,-0.725443005561829,0.322833359241486,0.247202336788177,0.555339634418488
torso_frame_world,0,131.87587246266,393.828326366478,245.912328091953,-0.0061540820480655,0.0283975216247208,0.473552210915245,-0.880286323633966
world_frame,0,0,0,0,0,0,0,1
world_frame_kinect,0,251.524715765143,-735.623677441653,2164.86098089266,0.49615666270256,-0.641969919204712,-0.461977124214172,-0.358162581920624
torso_frame_kinect,0,-162.073980088504,-510.770963593213,2059.23059505291,-0.725704908370972,0.322617888450623,0.247559621930122,0.554963290691376
torso_frame_world,0,131.215536446508,393.456695291223,245.666606637346,-0.00561678777159512,0.0280222413828748,0.473327319520584,-0.880422883777147
world_frame,0,0,0,0,0,0,0,1
world_frame_kinect,0,251.421754639648,-735.320434593816,2163.99969375543,0.496277660131454,-0.641696989536285,-0.462112665176392,-0.358309060335159
torso_frame_kinect,0,-162.137959950633,-510.659370153758,2059.49477600712,-0.726076543331146,0.322578310966492,0.247136473655701,0.554688692092896
torso_frame_world,0,131.289875014967,393.497391102287,245.72035950506,-0.00560130111636955,0.027653272213586,0.473926883996263,-0.880112055699317
world_frame,0,0,0,0,0,0,0,1
world_frame_kinect,0,251.421240499477,-735.323901544138,2164.13887590808,0.496091306209564,-0.641966938972473,-0.462118148803711,-0.358076274394989
torso_frame_kinect,0,-162.249716101954,-510.608492754083,2059.76483127492,-0.726287662982941,0.32260000705719,0.246795177459717,0.554551661014557
torso_frame_world,0,131.203036998427,393.961224859713,245.734777876984,-0.00532683004905618,0.0274358586306584,0.473758015666335,-0.88021147523463
world_frame,0,0,0,0,0,0,0,1
world_frame_kinect,0,251.519921673264,-735.54761263033,2164.65677498839,0.496177464723587,-0.641940832138062,-0.461747378110886,-0.35848194360733
torso_frame_kinect,0,-161.928018494232,-510.787694031973,2058.76272916475,-0.725497364997864,0.322600662708282,0.247948706150055,0.555071115493774
torso_frame_world,0,131.95156782267,393.121057719847,246.03202524612,-0.00559065979865362,0.0285226369434558,0.473309207867636,-0.88041671806737
world_frame,0,0,0,0,0,0,0,1
world_frame_kinect,0,251.47675463902,-735.398297796638,2164.2791601224,0.496225476264954,-0.641853451728821,-0.462128877639771,-0.35808002948761
torso_frame_kinect,0,-161.787280203933,-510.819929312986,2058.69628078198,-0.725411891937256,0.322545260190964,0.248258590698242,0.555076360702515
torso_frame_world,0,132.737742605331,393.129359563301,246.128151354105,-0.00491664544326353,0.0289127642171464,0.473152870006626,-0.880492044408921
world_frame,0,0,0,0,0,0,0,1
world_frame_kinect,0,251.57041325155,-735.668897082956,2165.12656099191,0.496013164520264,-0.642057478427887,-0.461837887763977,-0.358383804559708
torso_frame_kinect,0,-161.746237486811,-510.829315378672,2058.67688681202,-0.72538697719574,0.32252910733223,0.248348891735077,0.555077970027924
torso_frame_world,0,132.209375376937,392.828148301348,246.079114130789,-0.00535042549644994,0.028758531001249,0.473272294592355,-0.880430380559954
world_frame,0,0,0,0,0,0,0,1
world_frame_kinect,0,251.459389877109,-735.414695654806,2164.36824841596,0.496120721101761,-0.641904473304749,-0.462221562862396,-0.358014285564423
torso_frame_kinect,0,-162.016615022457,-510.681725416273,2059.04134613913,-0.725877463817596,0.322596311569214,0.247524365782738,0.55476588010788
torso_frame_world,0,131.821227492076,393.364516247902,245.963057329585,-0.00536992357741249,0.0278832776613307,0.47350298565133,-0.880334373591597
world_frame,0,0,0,0,0,0,0,1
world_frame_kinect,0,251.495656910929,-735.436511865078,2164.41292322971,0.49614542722702,-0.641837298870087,-0.462080001831055,-0.358283013105392
torso_frame_kinect,0,-162.214747720292,-510.755139538573,2058.56015464742,-0.725457847118378,0.32276314496994,0.247479408979416,0.555237531661987
torso_frame_world,0,132.640841974731,393.449980802526,246.037540210128,-0.00570701765944846,0.0285595117997153,0.473584014905454,-0.880266985102376
world_frame,0,0,0,0,0,0,0,1
world_frame_kinect,0,251.498996966567,-735.512613870505,2164.65404413844,0.495977818965912,-0.642127990722656,-0.461922913789749,-0.35819685459137
torso_frame_kinect,0,-162.582753838437,-510.656130474569,2058.69511187509,-0.725760221481323,0.322761833667755,0.246610462665558,0.555229723453522
torso_frame_world,0,132.251106946574,393.900076297339,246.097513525571,-0.00623513258163385,0.0277246163017178,0.473734188779318,-0.880209285996355
world_frame,0,0,0,0,0,0,0,1
world_frame_kinect,0,251.509344491134,-735.465855985189,2164.52485672462,0.496216714382172,-0.64177131652832,-0.461991190910339,-0.35841691493988
torso_frame_kinect,0,-162.294872811382,-510.619776632787,2059.07117937467,-0.726027429103851,0.322654217481613,0.246926844120026,0.554802298545837
torso_frame_world,0,131.651298147114,393.7635142372,245.727291554721,-0.00557942707630612,0.0277006441953746,0.473802941873357,-0.88017743471235
world_frame,0,0,0,0,0,0,0,1
world_frame_kinect,0,251.461749187243,-735.368414057643,2164.22394552111,0.496093988418579,-0.641977608203888,-0.461895227432251,-0.35834127664566
torso_frame_kinect,0,-162.153850727808,-510.629208080975,2059.13984740782,-0.726037442684174,0.322627544403076,0.247168868780136,0.55469685792923
torso_frame_world,0,132.358599382974,393.630337638765,246.16014078131,-0.00521615359976035,0.0278909943723435,0.473732946669422,-0.880211326565645
world_frame,0,0,0,0,0,0,0,1
world_frame_kinect,0,251.572151492699,-735.686272590522,2165.15168383174,0.496014297008514,-0.642110109329224,-0.4617720246315,-0.358372926712036
torso_frame_kinect,0,-162.220122786899,-510.656645483496,2058.61011880988,-0.725809633731842,0.322568893432617,0.247122824192047,0.555049538612366
torso_frame_world,0,132.407450941989,393.700821622258,245.990623803459,-0.0053834804236456,0.0281202328589506,0.473581914431091,-0.880284295535408
world_frame,0,0,0,0,0,0,0,1
world_frame_kinect,0,251.536922585828,-735.562281738756,2164.75167189695,0.496093273162842,-0.641960382461548,-0.461726367473602,-0.358590394258499
torso_frame_kinect,0,-162.298637244502,-510.67910694683,2058.13652610236,-0.725608766078949,0.322521328926086,0.247047245502472,0.555373311042786
torso_frame_world,0,132.370318097407,393.5270160044,246.029066619065,-0.00596225839326734,0.0283067279096289,0.473696180209444,-0.880213104585977
world_frame,0,0,0,0,0,0,0,1
world_frame_kinect,0,251.447901886744,-735.369653590814,2164.17277820355,0.496217608451843,-0.641853451728821,-0.461915791034698,-0.358365744352341
torso_frame_kinect,0,-162.25631468029,-510.669093393744,2058.35927945905,-0.725702404975891,0.322542309761047,0.247092396020889,0.555218636989594
torso_frame_world,0,133.014159875803,393.456770616476,246.443961551895,-0.00578471890980267,0.028323436324959,0.473845943122988,-0.880133138887388
world_frame,0,0,0,0,0,0,0,1
world_frame_kinect,0,251.559088940505,-735.638688407042,2165.0414726165,0.496089696884155,-0.642047703266144,-0.461873769760132,-0.358249127864838
torso_frame_kinect,0,-162.296468018207,-510.679007748342,2058.14147311299,-0.725610673427582,0.322521537542343,0.247050493955612,0.555369317531586
torso_frame_world,0,132.816901842351,393.620046333105,246.158888931539,-0.00573660844621152,0.0284032177250137,0.473669170136526,-0.880226031090069
world_frame,0,0,0,0,0,0,0,1
world_frame_kinect,0,251.532662875013,-735.536457991731,2164.70498550285,0.496135890483856,-0.641948342323303,-0.461762130260468,-0.35850715637207
torso_frame_kinect,0,-162.306505041324,-510.681479586924,2058.08701755422,-0.725587785243988,0.322516262531281,0.247039988636971,0.555406928062439
torso_frame_world,0,133.315214587667,393.449287916354,246.506001008509,-0.00590941426797493,0.0284481494637231,0.473875166161843,-0.8801125544555
world_frame,0,0,0,0,0,0,0,1
world_frame_kinect,0,251.564587075281,-735.63913429849,2165.0698445325,0.49607640504837,-0.642029047012329,-0.461880773305893,-0.358291685581207
torso_frame_kinect,0,-162.30943240746,-510.682200356336,2058.07113480839,-0.725581049919128,0.322514772415161,0.247036933898926,0.555418014526367
torso_frame_world,0,132.848788557207,393.58697924525,246.212248215881,-0.00585458273472568,0.0284668518201004,0.473693547702634,-0.880210080079379
world_frame,0,0,0,0,0,0,0,1
world_frame_kinect,0,251.531113288279,-735.517346247293,2164.67842493659,0.496174693107605,-0.641948521137238,-0.46177551150322,-0.358435779809952
torso_frame_kinect,0,-162.254172497515,-510.606527030681,2058.37495010791,-0.725841403007507,0.322580873966217,0.246995210647583,0.55505782365799
torso_frame_world,0,132.361827963228,393.462733953449,246.075163445067,-0.00578169883844948,0.0279855387721981,0.473864214538091,-0.880134130549639
world_frame,0,0,0,0,0,0,0,1
world_frame_kinect,0,251.437573434929,-735.386669475668,2164.29300194067,0.496099710464478,-0.641970217227936,-0.461962938308716,-0.358258932828903
torso_frame_kinect,0,-162.226432126277,-510.568576421518,2058.52739944453,-0.725971817970276,0.322613894939423,0.246974587440491,0.554877161979675
torso_frame_world,0,131.927854697293,393.702612672757,245.855610297709,-0.00544274205055237,0.0278509132097885,0.473493447583182,-0.880340081041494
world_frame,0,0,0,0,0,0,0,1
world_frame_kinect,0,251.441517765892,-735.382482065074,2164.30634017666,0.496245086193085,-0.641862511634827,-0.461689293384552,-0.358603417873383
torso_frame_kinect,0,-162.221906713232,-510.519300102346,2058.34242135656,-0.726047277450562,0.322592049837112,0.24689157307148,0.554828226566315
torso_frame_world,0,132.559986325861,393.573559030065,246.262144683853,-0.00548966303425564,0.0276570224034632,0.473718404318874,-0.880224872473577
world_frame,0,0,0,0,0,0,0,1
world_frame_kinect,0,251.529023869123,-735.51443109088,2164.66622591416,0.496141135692596,-0.641884982585907,-0.461843013763428,-0.358508795499802
torso_frame_kinect,0,-161.782897885016,-510.637594139236,2057.86080940379,-0.725766956806183,0.322159320116043,0.247753381729126,0.555062055587769
torso_frame_world,0,132.69485056816,393.017582436214,246.049048219517,-0.00494128862619062,0.0285637892503241,0.473697793052777,-0.880210255829427
world_frame,0,0,0,0,0,0,0,1
world_frame_kinect,0,251.465398386405,-735.392716511169,2164.26498271795,0.496040880680084,-0.641992628574371,-0.461867988109589,-0.358422785997391
torso_frame_kinect,0,-161.709746266457,-510.657198479304,2057.78049330503,-0.725720167160034,0.322087228298187,0.247897073626518,0.555101037025452
torso_frame_world,0,133.52260052783,392.788025481092,246.590752160545,-0.00492795695286674,0.0287785866973118,0.473828091211288,-0.880133199105137
world_frame,0,0,0,0,0,0,0,1
world_frame_kinect,0,251.564785780261,-735.633731774544,2165.05336210101,0.495986044406891,-0.642099618911743,-0.461906909942627,-0.358256697654724
torso_frame_kinect,0,-161.926760660122,-510.601481699163,2058.20013148212,-0.725893795490265,0.322340071201324,0.247479274868965,0.554913580417633
torso_frame_world,0,132.646645437193,393.282348991757,246.214637934196,-0.00504995024598211,0.0282577138687895,0.47357679340123,-0.880284624630711
world_frame,0,0,0,0,0,0,0,1
world_frame_kinect,0,251.532662875013,-735.536457991731,2164.70498550285,0.496135890483856,-0.641948342323303,-0.461762130260468,-0.35850715637207
torso_frame_kinect,0,-162.130701186736,-510.548344088619,2058.5599240277,-0.726050138473511,0.322570264339447,0.247085139155388,0.554750978946686
torso_frame_world,0,132.124485779347,393.591798316225,245.943010234437,-0.00523448295443925,0.0276924134623855,0.473574163047244,-0.880302926565015
world_frame,0,0,0,0,0,0,0,1
world_frame_kinect,0,251.488125647366,-735.428228976441,2164.42689151447,0.496129333972931,-0.641867160797119,-0.461807906627655,-0.358602523803711
torso_frame_kinect,0,-162.181690882786,-510.535013906288,2058.64985534881,-0.726089179515839,0.322627782821655,0.246986657381058,0.554710268974304
torso_frame_world,0,131.731970680076,393.544872835892,245.714245577648,-0.00546718592551165,0.0275106943772065,0.473801686272355,-0.880184772453155
world_frame,0,0,0,0,0,0,0,1
world_frame_kinect,0,251.403706360203,-735.228329927073,2163.8467240019,0.496058523654938,-0.641904473304749,-0.462005198001862,-0.358379453420639
torso_frame_kinect,0,-162.19018934229,-510.532790616606,2058.66484349316,-0.726095736026764,0.322637319564819,0.246970176696777,0.554703414440155
torso_frame_world,0,132.216089298846,393.330860388354,246.380280362189,-0.00581856498730171,0.0275175487012696,0.473874424194916,-0.880143146828343
world_frame,0,0,0,0,0,0,0,1
world_frame_kinect,0,251.474815670397,-735.4313948985,2164.47310264169,0.496202200651169,-0.64187228679657,-0.462125778198242,-0.35808253288269
torso_frame_kinect,0,-162.057305108902,-510.721205197949,2058.05354524824,-0.725484371185303,0.322440445423126,0.247592106461525,0.555340170860291
torso_frame_world,0,133.499700575567,393.100681663979,246.574984774107,-0.00558496454262107,0.0287615575690459,0.473731740046519,-0.880181696838645
world_frame,0,0,0,0,0,0,0,1
world_frame_kinect,0,251.560633228984,-735.640240902355,2165.20357905691,0.496030509471893,-0.642080843448639,-0.461943089962006,-0.358182340860367
torso_frame_kinect,0,-161.882273931797,-510.651541943253,2058.03349435853,-0.725733399391174,0.322279423475266,0.247656852006912,0.555079340934753
torso_frame_world,0,132.861943109466,393.228784417531,246.201450951303,-0.00499560632249655,0.028605862394796,0.473511583162535,-0.880308769219659
world_frame,0,0,0,0,0,0,0,1
world_frame_kinect,0,251.547285837149,-735.544191898727,2164.7838981694,0.496123820543289,-0.641989886760712,-0.461700737476349,-0.358528256416321
torso_frame_kinect,0,-162.12084390026,-510.714294247616,2058.14061529675,-0.72550094127655,0.322508931159973,0.247492060065269,0.555323302745819
torso_frame_world,0,133.08596122325,393.163637030277,246.514053522565,-0.00577918694001615,0.0285325564178588,0.473605062687956,-0.880256064346569
world_frame,0,0,0,0,0,0,0,1
world_frame_kinect,0,251.512724398845,-735.581455888222,2164.91463970843,0.496155679225922,-0.641905903816223,-0.462023794651031,-0.358218431472778
torso_frame_kinect,0,-162.159730180363,-510.622575499658,2058.4102671242,-0.725801706314087,0.322577953338623,0.247222930192947,0.555010080337524
torso_frame_world,0,132.882895130293,393.332202185972,246.53085545045,-0.00570588401962125,0.0282113323581668,0.473752218640243,-0.880187706655563
world_frame,0,0,0,0,0,0,0,1
world_frame_kinect,0,251.561521124785,-735.600853483547,2165.01734264127,0.496161013841629,-0.642026245594025,-0.461904585361481,-0.35814893245697
torso_frame_kinect,0,-161.669293903375,-510.673418940845,2057.74455737813,-0.72568142414093,0.322050213813782,0.247989475727081,0.555131852626801
torso_frame_world,0,133.390618911438,392.461789649736,246.713560106908,-0.00530647463864708,0.0286156977806967,0.474030642999749,-0.88002723404715
world_frame,0,0,0,0,0,0,0,1
world_frame_kinect,0,251.509405129761,-735.497824059576,2164.62875576987,0.495999932289124,-0.641977727413177,-0.46233007311821,-0.35791003704071
torso_frame_kinect,0,-161.786794683673,-510.644921071947,2057.74128324399,-0.725696086883545,0.322198808193207,0.247804701328278,0.555108904838562
torso_frame_world,0,133.269192268534,392.667330918854,246.781903307058,-0.00544912795071406,0.0285955471318631,0.4737306022869,-0.880188569651809
world_frame,0,0,0,0,0,0,0,1
world_frame_kinect,0,251.505073883856,-735.529467887221,2164.82233454079,0.496224969625473,-0.641903519630432,-0.462090998888016,-0.358040004968643
torso_frame_kinect,0,-161.989723343866,-510.692619377602,2057.99109102859,-0.725689768791199,0.322157382965088,0.247437983751297,0.555304706096649
torso_frame_world,0,133.399942797174,393.139635039066,246.471646461702,-0.00528849487055657,0.0285188281387009,0.473905319832539,-0.88009798096463
world_frame,0,0,0,0,0,0,0,1
world_frame_kinect,0,251.563678994059,-735.654587458127,2165.0811840075,0.495999395847321,-0.64196640253067,-0.461939454078674,-0.358435034751892
torso_frame_kinect,0,-162.219297621786,-510.695385861324,2058.09752734648,-0.725636184215546,0.322348594665527,0.247116088867188,0.555407226085663
torso_frame_world,0,133.916632947371,393.121440766584,247.053437389234,-0.00598036902594296,0.0285288211188034,0.47416572648785,-0.87995295634263
world_frame,0,0,0,0,0,0,0,1
world_frame_kinect,0,251.604287231258,-735.841022881365,2165.6757735064,0.496050477027893,-0.642090618610382,-0.462031781673431,-0.358022421598434
torso_frame_kinect,0,-162.447532062062,-510.480740602901,2058.4513663942,-0.726060688495636,0.322863698005676,0.246540486812592,0.554808795452118
torso_frame_world,0,132.74734515866,393.744395828624,246.32109953947,-0.00584070869468093,0.0275324984569845,0.473933256240047,-0.880110854540703
world_frame,0,0,0,0,0,0,0,1
world_frame_kinect,0,251.522012178355,-735.53503860728,2164.80141465464,0.496026396751404,-0.642095446586609,-0.461820781230927,-0.35831955075264
torso_frame_kinect,0,-162.344268130978,-510.632018106459,2058.16452034073,-0.725700199604034,0.322601854801178,0.246912524104118,0.555266857147217
torso_frame_world,0,133.336097523377,393.582826126999,246.440464394968,-0.00574816866598326,0.0284050249236017,0.473899009843706,-0.880102176787009
world_frame,0,0,0,0,0,0,0,1
world_frame_kinect,0,251.557453372977,-735.674237190067,2165.217066563,0.496014982461929,-0.642184317111969,-0.461689531803131,-0.358345031738281
torso_frame_kinect,0,-162.467450156881,-510.466457297961,2058.4716789882,-0.726083636283875,0.322906255722046,0.246499538421631,0.554772138595581
torso_frame_world,0,132.179046158684,393.851537097311,246.108103979085,-0.00594816833978454,0.0274195101678678,0.47369089113511,-0.880244130574684
world_frame,0,0,0,0,0,0,0,1
world_frame_kinect,0,251.491461036384,-735.366166934362,2164.38533745502,0.496231853961945,-0.641920864582062,-0.461782097816467,-0.358397513628006
torso_frame_kinect,0,-161.890845415655,-510.465620230967,2058.00971301569,-0.726001024246216,0.322622150182724,0.247507721185684,0.554596483707428
torso_frame_world,0,132.49675307189,392.9591450962,246.61219346032,-0.00546518025149497,0.0278753678904248,0.473432455935505,-0.880371969872206
world_frame,0,0,0,0,0,0,0,1
world_frame_kinect,0,251.468085074332,-735.412273236016,2164.42047089303,0.496341526508331,-0.641846895217896,-0.461988508701324,-0.358112096786499
torso_frame_kinect,0,-161.794760274931,-510.465385004065,2057.93264527204,-0.725987136363983,0.322574764490128,0.247675687074661,0.554567337036133
torso_frame_world,0,132.634530104506,392.90359434448,246.373795724323,-0.00509885914360685,0.0279434802591325,0.473492471222139,-0.880339731718609
world_frame,0,0,0,0,0,0,0,1
world_frame_kinect,0,251.448917422848,-735.357806194059,2164.32019549686,0.496127158403397,-0.641958475112915,-0.46198034286499,-0.358219504356384
torso_frame_kinect,0,-161.722699375124,-510.465189861219,2057.87482969289,-0.725976824760437,0.322539269924164,0.247801676392555,0.554545223712921
torso_frame_world,0,132.468274978342,392.766537702338,246.132862357983,-0.00499441111039272,0.027834508726564,0.47358493273377,-0.880294046026191
world_frame,0,0,0,0,0,0,0,1
world_frame_kinect,0,251.378474846788,-735.208485622398,2163.85883648981,0.495990425348282,-0.641938984394073,-0.462166309356689,-0.358204185962677
torso_frame_kinect,0,-161.910942771796,-510.475631374278,2057.52254255776,-0.72597336769104,0.322221904993057,0.247326493263245,0.554946303367615
torso_frame_world,0,133.461258873274,392.661342185736,246.795514688479,-0.00555875206053793,0.0279882577193386,0.474279447238288,-0.87991179309787
world_frame,0,0,0,0,0,0,0,1
world_frame_kinect,0,251.449318153684,-735.416638761502,2164.46971815274,0.495976328849792,-0.64199823141098,-0.462297528982162,-0.35794797539711
torso_frame_kinect,0,-161.851885613597,-510.472999166263,2057.6010082338,-0.725972414016724,0.322295337915421,0.247466266155243,0.554842531681061
torso_frame_world,0,133.632341097192,392.4875527963,247.040432764477,-0.00558421633295355,0.0278235498632808,0.474169094108193,-0.879976327405214
world_frame,0,0,0,0,0,0,0,1
world_frame_kinect,0,251.46497870897,-735.480743962004,2164.71692610518,0.495999753475189,-0.641901671886444,-0.462454229593277,-0.357886016368866
torso_frame_kinect,0,-161.736989100508,-510.467097491604,2057.79193396741,-0.725973129272461,0.322469383478165,0.247749254107475,0.554614126682281
torso_frame_world,0,133.327136324725,392.674355210747,246.636239289046,-0.00502585398350314,0.0280625513353456,0.473845777862297,-0.880146245124276
world_frame,0,0,0,0,0,0,0,1
world_frame_kinect,0,251.481446352443,-735.46766476926,2164.67500601437,0.495901644229889,-0.642138242721558,-0.46210515499115,-0.358048647642136
torso_frame_kinect,0,-161.969712737869,-510.359936763227,2058.23889039035,-0.726335048675537,0.322641760110855,0.247126460075378,0.554317831993103
torso_frame_world,0,133.016330521201,393.208812545336,246.757566215713,-0.00508342287781767,0.0274917630426583,0.473769457965195,-0.88020501161719
world_frame,0,0,0,0,0,0,0,1
world_frame_kinect,0,251.573711427544,-735.646373870679,2165.12030280707,0.496077716350555,-0.642089188098907,-0.461812704801559,-0.358270108699799
torso_frame_kinect,0,-162.453578316516,-510.387738493898,2058.56370659594,-0.726266205310822,0.322992742061615,0.246415302157402,0.554520130157471
torso_frame_world,0,132.470366893342,393.698980494083,246.488707623354,-0.00599665422165061,0.0270939672865634,0.473858007259095,-0.880163931339646
world_frame,0,0,0,0,0,0,0,1
world_frame_kinect,0,251.514864997042,-735.477150232065,2164.71851739719,0.496182262897491,-0.641980111598969,-0.461909115314484,-0.358196437358856
torso_frame_kinect,0,-162.334956882016,-510.531415927579,2058.0311811746,-0.725837647914886,0.322615444660187,0.246807813644409,0.555126070976257
torso_frame_world,0,133.083480077776,393.504075087044,246.316260325037,-0.00577638580967896,0.0279268990262965,0.473926483167164,-0.880102499843374
world_frame,0,0,0,0,0,0,0,1
world_frame_kinect,0,251.491450679283,-735.463088435977,2164.71672438982,0.496014714241028,-0.642005622386932,-0.461898267269135,-0.358396708965302
torso_frame_kinect,0,-162.252769679015,-510.47304642671,2058.49965638634,-0.726186275482178,0.322537034749985,0.246712863445282,0.554757833480835
torso_frame_world,0,133.017291972714,393.207111270636,246.893864720119,-0.00596338691074759,0.0275507571961417,0.474252491468293,-0.879937479671476
world_frame,0,0,0,0,0,0,0,1
world_frame_kinect,0,251.505607616737,-735.61758079351,2165.15755269908,0.496139883995056,-0.64202082157135,-0.462103605270386,-0.357931345701218
torso_frame_kinect,0,-162.213442267655,-510.402059500392,2058.95079808644,-0.726527810096741,0.322548985481262,0.2465680539608,0.55436784029007
torso_frame_world,0,132.277555194004,393.534823440267,246.560536041112,-0.00554745220946525,0.0271329410429404,0.474135601686788,-0.880016170588615
world_frame,0,0,0,0,0,0,0,1
world_frame_kinect,0,251.557187325252,-735.590086467108,2164.98528168808,0.496189713478088,-0.641994833946228,-0.461905896663666,-0.358163893222809
torso_frame_kinect,0,-162.201981952726,-510.381292336461,2059.08236548643,-0.726627469062805,0.322552382946014,0.246525689959526,0.554254174232483
torso_frame_world,0,131.710384860956,393.593438751125,246.251774311286,-0.00543093845074732,0.0268000949020672,0.473954984896382,-0.880124384455205
world_frame,0,0,0,0,0,0,0,1
world_frame_kinect,0,251.463714755758,-735.444716693003,2164.58353551709,0.49626424908638,-0.641790091991425,-0.461942851543427,-0.358379811048508
torso_frame_kinect,0,-162.264087225009,-510.354644635661,2059.45689943603,-0.72679215669632,0.322684466838837,0.246390521526337,0.554021298885345
torso_frame_world,0,131.34551573303,393.959993692089,245.799346235276,-0.00507744381942987,0.0265589042403806,0.473961082629051,-0.880130522322064
world_frame,0,0,0,0,0,0,0,1
world_frame_kinect,0,251.500297788879,-735.403138507402,2164.46003620787,0.496088951826096,-0.641938805580139,-0.461775958538055,-0.358571141958237
torso_frame_kinect,0,-162.210131239031,-510.478388579935,2059.36505279974,-0.726393461227417,0.322834134101868,0.24686424434185,0.554246187210083
torso_frame_world,0,131.90324570337,393.55819175222,246.055158110337,-0.00536232467343146,0.0269562576573988,0.473941718023071,-0.880127180335061
world_frame,0,0,0,0,0,0,0,1
world_frame_kinect,0,251.47487534861,-735.453439965714,2164.6293992841,0.495940625667572,-0.642019867897034,-0.462102591991425,-0.358210295438766
torso_frame_kinect,0,-162.146605824185,-510.580887254279,2059.15559282314,-0.726032316684723,0.322896808385849,0.247270241379738,0.554501831531525
torso_frame_world,0,132.130019538986,393.615075341123,245.968417477259,-0.00517481388972674,0.0275473117953163,0.47347121827244,-0.880363204809055
world_frame,0,0,0,0,0,0,0,1
world_frame_kinect,0,251.525272541428,-735.532296411349,2164.81567606636,0.495970845222473,-0.642017304897308,-0.461898952722549,-0.35843563079834
torso_frame_kinect,0,-162.108108319432,-510.629163308562,2059.31002407852,-0.726127624511719,0.322466909885406,0.247147619724274,0.554681837558746
torso_frame_world,0,131.620821650178,393.531940065154,245.732744001444,-0.00533213967759129,0.0278341170325092,0.474009251049368,-0.880063668228098
world_frame,0,0,0,0,0,0,0,1
world_frame_kinect,0,251.45881950191,-735.359882043254,2164.35521245184,0.496022999286652,-0.642103850841522,-0.461938261985779,-0.35815766453743
torso_frame_kinect,0,-162.109330061349,-510.632370983238,2059.20845132397,-0.726016521453857,0.322641134262085,0.247278153896332,0.554667472839355
torso_frame_world,0,131.901764904141,393.717788140778,245.855244454799,-0.00511506620201694,0.027860018420489,0.473452492032483,-0.880363784613832
world_frame,0,0,0,0,0,0,0,1
world_frame_kinect,0,251.564213167852,-735.516247448928,2164.83980001245,0.496129810810089,-0.641964197158813,-0.461726993322372,-0.358532339334488
torso_frame_kinect,0,-162.121439139902,-510.619335560525,2059.11642159352,-0.725938022136688,0.322848528623581,0.247373700141907,0.554607152938843
torso_frame_world,0,132.278374993149,393.33833963305,246.308293308395,-0.00556864065082837,0.0277912841067188,0.473641200684212,-0.880261692784265
world_frame,0,0,0,0,0,0,0,1
world_frame_kinect,0,251.517374540304,-735.552858253875,2164.89084664546,0.496064305305481,-0.642061054706573,-0.46206146478653,-0.358018189668655
torso_frame_kinect,0,-162.181039339786,-510.43811206613,2059.10117902164,-0.726462721824646,0.322635442018509,0.246737241744995,0.554327607154846
torso_frame_world,0,131.810780973757,393.719843240583,246.02496338684,-0.00523294407892365,0.0271567707155223,0.473780620451687,-0.880208526307821
world_frame,0,0,0,0,0,0,0,1
world_frame_kinect,0,251.521687203154,-735.428319567145,2164.68134586447,0.496181577444077,-0.641932964324951,-0.461769819259644,-0.358461260795593
torso_frame_kinect,0,-162.190685266201,-510.408224527923,2059.10117313806,-0.726552128791809,0.322594195604324,0.246628433465958,0.55428284406662
torso_frame_world,0,131.562386572977,393.736606793263,246.024273395408,-0.00536603091999834,0.0271489234886575,0.473853673376922,-0.880168641734509
world_frame,0,0,0,0,0,0,0,1
world_frame_kinect,0,251.517615180018,-735.355802825236,2164.50117149736,0.496295928955078,-0.641941428184509,-0.461729496717453,-0.358339786529541
torso_frame_kinect,0,-162.180665819645,-510.420582808172,2058.82937338557,-0.726468741893768,0.322450280189514,0.246640473604202,0.554470479488373
torso_frame_world,0,131.941566002848,393.705288801816,245.980971909096,-0.00517473241518406,0.0270688803353261,0.473910466699505,-0.88014167462658
world_frame,0,0,0,0,0,0,0,1
world_frame_kinect,0,251.508620218952,-735.39702142419,2164.4982558624,0.49612832069397,-0.641815602779388,-0.46185177564621,-0.358639389276505
torso_frame_kinect,0,-162.173234182509,-510.434203322455,2058.69346795261,-0.726404547691345,0.322388738393784,0.246673718094826,0.554575502872467
torso_frame_world,0,132.976303384899,393.268472098601,246.777846265898,-0.0055463745028178,0.0274470502164557,0.4744194212847,-0.87985345931705
world_frame,0,0,0,0,0,0,0,1
world_frame_kinect,0,251.528812201355,-735.65934903727,2165.30658834389,0.496028423309326,-0.642128586769104,-0.461988538503647,-0.35804083943367
torso_frame_kinect,0,-162.122883412519,-510.432824393131,2058.6285854678,-0.726352751255035,0.322459369897842,0.24683952331543,0.554528534412384
torso_frame_world,0,132.436624692177,393.265677287946,246.59334643937,-0.00558407024057918,0.027312123565149,0.474070124913495,-0.880045670820789
world_frame,0,0,0,0,0,0,0,1
world_frame_kinect,0,251.501726551722,-735.500951268866,2164.763708704,0.496193468570709,-0.641888082027435,-0.462077856063843,-0.358128130435944
torso_frame_kinect,0,-162.110296713699,-510.432479102915,2058.61236208001,-0.726339817047119,0.322476983070374,0.246880918741226,0.554516792297363
torso_frame_world,0,132.354788113716,393.47974301641,246.292120318688,-0.0052187523712011,0.0274723642845855,0.473840965245367,-0.88016633284831
world_frame,0,0,0,0,0,0,0,1
world_frame_kinect,0,251.503120938508,-735.485900647336,2164.81421259644,0.496173322200775,-0.641948401927948,-0.461777687072754,-0.358434915542603
torso_frame_kinect,0,-162.084756313899,-510.42659957246,2058.6268202483,-0.726334691047668,0.322539806365967,0.246961653232574,0.554451048374176
torso_frame_world,0,131.76564677517,393.436461614711,245.861102054272,-0.00529307800263832,0.0272844294430823,0.473886954148035,-0.880146975182851
world_frame,0,0,0,0,0,0,0,1
world_frame_kinect,0,251.431477165032,-735.183429031055,2163.9394198553,0.496106863021851,-0.641903698444366,-0.461999297142029,-0.358321666717529
torso_frame_kinect,0,-162.122092064514,-510.436469322365,2058.59400513118,-0.726336896419525,0.322441309690475,0.246844410896301,0.55455756187439
torso_frame_world,0,132.598408520042,393.071681933324,246.765013483717,-0.00584351529029752,0.02723355270675,0.47426588875206,-0.87994093762152
world_frame,0,0,0,0,0,0,0,1
world_frame_kinect,0,251.503703711326,-735.449049656168,2164.72462782665,0.496173679828644,-0.641866266727448,-0.462319701910019,-0.357882440090179
torso_frame_kinect,0,-162.081974101597,-510.426118012074,2058.62693463959,-0.726333498954773,0.322545826435089,0.246970519423485,0.554445266723633
torso_frame_world,0,132.547745513159,393.346099477036,246.304093455014,-0.00521282342405344,0.0272646263239587,0.474011303755794,-0.88008110452111
world_frame,0,0,0,0,0,0,0,1
world_frame_kinect,0,251.519819082397,-735.454818271143,2164.69947420349,0.495965778827667,-0.641986072063446,-0.462045550346375,-0.358309626579285
torso_frame_kinect,0,-162.079108013044,-510.425378725613,2058.62928655414,-0.726333260536194,0.322553306818008,0.246979624032974,0.554437041282654
torso_frame_world,0,132.810738554889,393.379526993226,246.547610238375,-0.0051580522655278,0.0273093372117724,0.473893114344931,-0.880143687572854
world_frame,0,0,0,0,0,0,0,1
world_frame_kinect,0,251.583030834992,-735.617095433436,2165.13833055122,0.496026515960693,-0.641964972019196,-0.461949527263641,-0.358387142419815
torso_frame_kinect,0,-162.098199384482,-510.499710048159,2058.60651420548,-0.726186513900757,0.322457641363144,0.247027799487114,0.554663360118866
torso_frame_world,0,132.598123759451,393.399360996099,246.472782152484,-0.00535519586193413,0.0277852206906471,0.473828767713546,-0.880162259061086
world_frame,0,0,0,0,0,0,0,1
world_frame_kinect,0,251.548853596486,-735.567554049656,2165.07126141234,0.496206313371658,-0.641991674900055,-0.461789578199387,-0.358296453952789
torso_frame_kinect,0,-162.087223382719,-510.46218708719,2058.61908010848,-0.726259708404541,0.322509258985519,0.247008219361305,0.554546296596527
torso_frame_world,0,132.859609702495,393.130973844843,246.703870488202,-0.00557169337814755,0.0275419028203704,0.47422783757706,-0.879953611214204
world_frame,0,0,0,0,0,0,0,1
world_frame_kinect,0,251.539611642979,-735.548241814458,2164.99385760401,0.496024787425995,-0.642102718353271,-0.462131381034851,-0.357907801866531
torso_frame_kinect,0,-162.142641562664,-510.658360440893,2058.55479571855,-0.725874960422516,0.322243928909302,0.247117638587952,0.555155217647552
torso_frame_world,0,133.230777923834,393.201112680659,246.74078056976,-0.00574762179349572,0.0282626371471198,0.474216631943683,-0.879935664792148
world_frame,0,0,0,0,0,0,0,1
world_frame_kinect,0,251.599480963191,-735.691972657285,2165.39976041035,0.496084868907928,-0.642045736312866,-0.462048470973969,-0.358034074306488
torso_frame_kinect,0,-162.348870259257,-510.656774012994,2058.89292078621,-0.725955724716187,0.322350323200226,0.24672719836235,0.555161416530609
torso_frame_world,0,132.282395696782,393.276878241594,246.269722559809,-0.00630753684104974,0.0274818238665957,0.474459277661032,-0.879825754440807
world_frame,0,0,0,0,0,0,0,1
world_frame_kinect,0,251.433383600445,-735.340184703357,2164.32420609324,0.496054649353027,-0.641749143600464,-0.462561070919037,-0.357945531606674
torso_frame_kinect,0,-162.208023659638,-510.706926761316,2058.62323600112,-0.725798726081848,0.322204262018204,0.247047364711761,0.555308997631073
torso_frame_world,0,132.23658135233,393.622264281635,245.741657856564,-0.0054983976954076,0.0282937528341018,0.473998476268847,-0.880053791349232
world_frame,0,0,0,0,0,0,0,1
world_frame_kinect,0,251.498085923596,-735.365790829462,2164.4045794617,0.496060788631439,-0.641937971115112,-0.461866617202759,-0.358494609594345
torso_frame_kinect,0,-162.172817407843,-510.719436180125,2058.55580301248,-0.725759625434875,0.322167694568634,0.247127369046211,0.555345892906189
torso_frame_world,0,131.887607720322,393.611298067503,245.438897712869,-0.00541808966565525,0.0283464044791986,0.473869378103976,-0.880122115477635
world_frame,0,0,0,0,0,0,0,1
world_frame_kinect,0,251.410352094688,-735.203723558478,2164.00826442598,0.496105760335922,-0.641865253448486,-0.461836516857147,-0.358601570129395
torso_frame_kinect,0,-162.166949909346,-510.721520001534,2058.5445637713,-0.725753128528595,0.322161555290222,0.247140765190125,0.555351912975311
torso_frame_world,0,132.712042607306,393.147416082125,246.500146267815,-0.00604270384898426,0.0282557112775764,0.474157437023553,-0.879965809236727
world_frame,0,0,0,0,0,0,0,1
world_frame_kinect,0,251.509957148154,-735.486947081575,2164.80642900913,0.496221631765366,-0.641810894012451,-0.462239742279053,-0.358018666505814
torso_frame_kinect,0,-162.164016182562,-510.722561857501,2058.53894418671,-0.725749790668488,0.322158515453339,0.247147440910339,0.555355072021484
torso_frame_world,0,133.174427091044,393.353053670432,246.551954601802,-0.00564524537210187,0.0286824389589393,0.47409252593883,-0.879989616841582
world_frame,0,0,0,0,0,0,0,1
world_frame_kinect,0,251.585352507987,-735.711991551227,2165.50189927143,0.496143281459808,-0.642102479934692,-0.461779296398163,-0.358198642730713
torso_frame_kinect,0,-162.161815897301,-510.723343225529,2058.53472951403,-0.725747346878052,0.322156250476837,0.247152388095856,0.555357336997986
torso_frame_world,0,132.958450262658,393.621220898182,246.524201168407,-0.00543465877646316,0.0288523165196931,0.473597885378439,-0.880251697686805
world_frame,0,0,0,0,0,0,0,1
world_frame_kinect,0,251.632322192998,-735.808556817255,2165.77677826249,0.496416926383972,-0.641971170902252,-0.461383700370789,-0.358564257621765
torso_frame_kinect,0,-162.161265827302,-510.723538564329,2058.53367584797,-0.725746750831604,0.322155714035034,0.247153669595718,0.555357933044434
torso_frame_world,0,133.305430528275,393.151154638742,246.912289446979,-0.0059862119698428,0.0284849262862557,0.474112540291149,-0.879982996074011
world_frame,0,0,0,0,0,0,0,1
world_frame_kinect,0,251.61528329325,-735.725607732099,2165.61724043466,0.496271371841431,-0.641916990280151,-0.462048828601837,-0.358005821704865
torso_frame_kinect,0,-162.161128309885,-510.723587398828,2058.53341243158,-0.725746512413025,0.322155594825745,0.247154057025909,0.555358052253723
torso_frame_world,0,133.36545205724,393.059123961885,246.903249145811,-0.00601445737117979,0.0284754923206544,0.474287945315538,-0.879888582473935
world_frame,0,0,0,0,0,0,0,1
world_frame_kinect,0,251.571079164616,-735.715829958329,2165.52468929202,0.496159613132477,-0.642001509666443,-0.462139308452606,-0.357892543077469
torso_frame_kinect,0,-162.07131752721,-510.500550583154,2057.95905179065,-0.725947737693787,0.322560608386993,0.247239679098129,0.554821610450745
torso_frame_world,0,133.135085767515,393.011803235022,246.701341039441,-0.0057121496795296,0.0279933867094984,0.473901489684211,-0.880114265150643
world_frame,0,0,0,0,0,0,0,1
world_frame_kinect,0,251.501570689213,-735.436218173949,2164.75893872588,0.496145308017731,-0.642036974430084,-0.46205073595047,-0.357962876558304
torso_frame_kinect,0,-162.061678244085,-510.476630635861,2057.89750429008,-0.725969254970551,0.322604030370712,0.247248783707619,0.554764151573181
torso_frame_world,0,132.436807785413,393.2266563506,246.076215456809,-0.00545730710210813,0.0279688125947517,0.473682881094228,-0.880234338957249
world_frame,0,0,0,0,0,0,0,1
world_frame_kinect,0,251.414308621403,-735.191462400286,2164.0158215715,0.496153831481934,-0.642013132572174,-0.461875200271606,-0.358220249414444
torso_frame_kinect,0,-162.034863691052,-510.316583250057,2058.20934356956,-0.72668844461441,0.32213282585144,0.246586680412292,0.554391026496887
torso_frame_world,0,131.694446203586,393.315265208794,245.920223113896,-0.00527423426784095,0.027236328733842,0.474450527466906,-0.879844907831127
world_frame,0,0,0,0,0,0,0,1
world_frame_kinect,0,251.366427198428,-735.07717811399,2163.56167893515,0.496177136898041,-0.642003655433655,-0.461895823478699,-0.358178496360779
torso_frame_kinect,0,-162.046566945303,-510.392704520962,2058.04317907233,-0.726332545280457,0.322375684976578,0.246919304132462,0.554568111896515
torso_frame_world,0,132.405216147746,393.103703322476,246.196500851012,-0.00546378182107422,0.0273812193826068,0.474224293581339,-0.879961212378485
world_frame,0,0,0,0,0,0,0,1
world_frame_kinect,0,251.401740908834,-735.165299500324,2163.93054813373,0.496057093143463,-0.641958296298981,-0.462142616510391,-0.35810774564743
torso_frame_kinect,0,-161.964568173348,-510.277568327622,2058.30162507328,-0.726775109767914,0.322251051664352,0.246713221073151,0.554152309894562
torso_frame_world,0,131.698575002145,393.285443139749,245.898041713473,-0.00501335338916429,0.026922268092921,0.474253844685027,-0.879962129054426
world_frame,0,0,0,0,0,0,0,1
world_frame_kinect,0,251.381812584357,-735.07418022105,2163.63484546767,0.496125996112823,-0.641926765441895,-0.461956262588501,-0.358309030532837
torso_frame_kinect,0,-162.523579665017,-510.313318020484,2057.41648362735,-0.726163804531097,0.322713732719421,0.246140837669373,0.554938435554504
torso_frame_world,0,132.312773815542,393.709577324069,245.918758620564,-0.00615268108833992,0.0274496560569471,0.474126389076883,-0.880007288650894
world_frame,0,0,0,0,0,0,0,1
world_frame_kinect,0,251.335032303043,-734.995085138384,2163.38399661366,0.496193170547485,-0.642002284526825,-0.461769282817841,-0.358321756124496
torso_frame_kinect,0,-162.620167754816,-510.323876829428,2057.25814780193,-0.726043283939362,0.322796016931534,0.246053963899612,0.555086731910706
torso_frame_world,0,132.430532771041,393.495067105721,246.063442153056,-0.00674353326111931,0.0272563219816871,0.474364923941528,-0.879880410399695
world_frame,0,0,0,0,0,0,0,1
world_frame_kinect,0,251.294364812144,-734.851717262575,2163.01933925703,0.496157944202423,-0.641901731491089,-0.46219927072525,-0.357996255159378
torso_frame_kinect,0,-162.406944096367,-510.183324874194,2057.27260074435,-0.726498663425446,0.322561115026474,0.246019870042801,0.554642498493195
torso_frame_world,0,132.36734569057,393.442738570682,246.142798271128,-0.00609988593131585,0.0270951176924804,0.47451153667536,-0.879811029455101
world_frame,0,0,0,0,0,0,0,1
world_frame_kinect,0,251.321484309411,-734.92127362231,2163.22674595977,0.496171712875366,-0.642052173614502,-0.461918234825134,-0.358069896697998
torso_frame_kinect,0,-162.456541606853,-510.184371758204,2056.98027693001,-0.726388037204742,0.322577714920044,0.245987743139267,0.554791986942291
torso_frame_world,0,132.583131112376,393.408803121732,246.251451621794,-0.00627381120862132,0.0271837878493432,0.474485629033594,-0.879821043628575
world_frame,0,0,0,0,0,0,0,1
world_frame_kinect,0,251.31027189177,-734.923508810874,2163.17777599791,0.496200501918793,-0.642009377479553,-0.461943805217743,-0.358073890209198
torso_frame_kinect,0,-162.313076923676,-510.018625429337,2056.06561639364,-0.726428687572479,0.322668701410294,0.246160566806793,0.554609060287476
torso_frame_world,0,133.435121857562,393.061452613884,246.67493342738,-0.00606723049811655,0.0270735453603617,0.474362027918342,-0.879892537941368
world_frame,0,0,0,0,0,0,0,1
world_frame_kinect,0,251.322124016336,-734.908720779746,2163.21557315285,0.49614679813385,-0.642025709152222,-0.461971044540405,-0.358083963394165
torso_frame_kinect,0,-161.521817344045,-510.028006925728,2054.17792684806,-0.725864470005035,0.322229623794556,0.247752130031586,0.554894387722015
torso_frame_world,0,135.616070713142,391.919807332113,247.653700817813,-0.00499188592884568,0.028355877605412,0.473570145790661,-0.880285375486786
world_frame,0,0,0,0,0,0,0,1
world_frame_kinect,0,251.455123963624,-735.191166678957,2164.07239044055,0.496164739131927,-0.641899526119232,-0.461899995803833,-0.358376860618591
torso_frame_kinect,0,-161.96963883544,-509.855452346625,2053.66612190193,-0.72595077753067,0.322675764560699,0.246890380978584,0.554906368255615
torso_frame_world,0,135.715588794794,392.248024801395,247.418003853162,-0.0055638402314146,0.02762048358715,0.473776670146911,-0.880194194137178
world_frame,0,0,0,0,0,0,0,1
world_frame_kinect,0,251.291213555843,-734.942510644234,2163.41225276041,0.496008008718491,-0.641908943653107,-0.461957335472107,-0.358502894639969
torso_frame_kinect,0,-162.305567744766,-509.725372748849,2053.28195838391,-0.726014971733093,0.323010087013245,0.246243804693222,0.554915130138397
torso_frame_world,0,139.596116296517,392.018593436815,250.817661597283,-0.00640338114689674,0.0276362243790458,0.473732763091768,-0.880211625113755
world_frame,0,0,0,0,0,0,0,1
world_frame_kinect,0,251.768542426113,-736.538804266959,2168.05764339981,0.496384918689728,-0.642013251781464,-0.461632162332535,-0.358213245868683
torso_frame_kinect,0,-162.055960472331,-509.792937866555,2053.28783828955,-0.725950300693512,0.322758555412292,0.246701821684837,0.554942667484283
torso_frame_world,0,139.548891411036,391.772871208317,250.752134475344,-0.00603004822203834,0.0280012124986965,0.473664742236463,-0.88023933255627
world_frame,0,0,0,0,0,0,0,1
world_frame_kinect,0,251.768542426113,-736.538804266959,2168.05764339981,0.496384918689728,-0.642013251781464,-0.461632162332535,-0.358213245868683
torso_frame_kinect,0,-162.055960472331,-509.792937866555,2053.28783828955,-0.725950300693512,0.322758555412292,0.246701821684837,0.554942667484283
torso_frame_world,0,139.548891411036,391.772871208317,250.752134475344,-0.00603004822203834,0.0280012124986965,0.473664742236463,-0.88023933255627
world_frame,0,0,0,0,0,0,0,1
world_frame_kinect,0,251.768542426113,-736.538804266959,2168.05764339981,0.496384918689728,-0.642013251781464,-0.461632162332535,-0.358213245868683
torso_frame_kinect,0,-162.055960472331,-509.792937866555,2053.28783828955,-0.725950300693512,0.322758555412292,0.246701821684837,0.554942667484283
torso_frame_world,0,139.548891411036,391.772871208317,250.752134475344,-0.00603004822203834,0.0280012124986965,0.473664742236463,-0.88023933255627
world_frame,0,0,0,0,0,0,0,1
world_frame_kinect,0,251.768542426113,-736.538804266959,2168.05764339981,0.496384918689728,-0.642013251781464,-0.461632162332535,-0.358213245868683
torso_frame_kinect,0,-162.055960472331,-509.792937866555,2053.28783828955,-0.725950300693512,0.322758555412292,0.246701821684837,0.554942667484283
torso_frame_world,0,139.548891411036,391.772871208317,250.752134475344,-0.00603004822203834,0.0280012124986965,0.473664742236463,-0.88023933255627
world_frame,0,0,0,0,0,0,0,1
world_frame_kinect,0,251.768542426113,-736.538804266959,2168.05764339981,0.496384918689728,-0.642013251781464,-0.461632162332535,-0.358213245868683
torso_frame_kinect,0,-162.055960472331,-509.792937866555,2053.28783828955,-0.725950300693512,0.322758555412292,0.246701821684837,0.554942667484283
torso_frame_world,0,139.548891411036,391.772871208317,250.752134475344,-0.00603004822203834,0.0280012124986965,0.473664742236463,-0.88023933255627
world_frame,0,0,0,0,0,0,0,1
world_frame_kinect,0,251.768542426113,-736.538804266959,2168.05764339981,0.496384918689728,-0.642013251781464,-0.461632162332535,-0.358213245868683
torso_frame_kinect,0,-162.055960472331,-509.792937866555,2053.28783828955,-0.725950300693512,0.322758555412292,0.246701821684837,0.554942667484283
torso_frame_world,0,139.548891411036,391.772871208317,250.752134475344,-0.00603004822203834,0.0280012124986965,0.473664742236463,-0.88023933255627
world_frame,0,0,0,0,0,0,0,1
world_frame_kinect,0,251.768542426113,-736.538804266959,2168.05764339981,0.496384918689728,-0.642013251781464,-0.461632162332535,-0.358213245868683
torso_frame_kinect,0,-162.055960472331,-509.792937866555,2053.28783828955,-0.725950300693512,0.322758555412292,0.246701821684837,0.554942667484283
torso_frame_world,0,139.548891411036,391.772871208317,250.752134475344,-0.00603004822203834,0.0280012124986965,0.473664742236463,-0.88023933255627
world_frame,0,0,0,0,0,0,0,1
world_frame_kinect,0,251.768542426113,-736.538804266959,2168.05764339981,0.496384918689728,-0.642013251781464,-0.461632162332535,-0.358213245868683
torso_frame_kinect,0,-162.055960472331,-509.792937866555,2053.28783828955,-0.725950300693512,0.322758555412292,0.246701821684837,0.554942667484283
torso_frame_world,0,139.548891411036,391.772871208317,250.752134475344,-0.00603004822203834,0.0280012124986965,0.473664742236463,-0.88023933255627
world_frame,0,0,0,0,0,0,0,1
world_frame_kinect,0,251.768542426113,-736.538804266959,2168.05764339981,0.496384918689728,-0.642013251781464,-0.461632162332535,-0.358213245868683
torso_frame_kinect,0,-162.055960472331,-509.792937866555,2053.28783828955,-0.725950300693512,0.322758555412292,0.246701821684837,0.554942667484283
torso_frame_world,0,139.548891411036,391.772871208317,250.752134475344,-0.00603004822203834,0.0280012124986965,0.473664742236463,-0.88023933255627
world_frame,0,0,0,0,0,0,0,1
world_frame_kinect,0,251.768542426113,-736.538804266959,2168.05764339981,0.496384918689728,-0.642013251781464,-0.461632162332535,-0.358213245868683
torso_frame_kinect,0,-162.055960472331,-509.792937866555,2053.28783828955,-0.725950300693512,0.322758555412292,0.246701821684837,0.554942667484283
torso_frame_world,0,139.548891411036,391.772871208317,250.752134475344,-0.00603004822203834,0.0280012124986965,0.473664742236463,-0.88023933255627
world_frame,0,0,0,0,0,0,0,1
world_frame_kinect,0,251.768542426113,-736.538804266959,2168.05764339981,0.496384918689728,-0.642013251781464,-0.461632162332535,-0.358213245868683
