3.88637590408 0.415549576283 0.31413218379 0.999201461589 0.00287188123773 0.00391608158266 0.0396592455891 0.0076221794113
3.88741445541 0.414779752493 0.3140861094 0.99919202331 0.00193807556335 0.0061857150311 0.0396646107624 0.0122465496259
3.88699364662 0.412987887859 0.314178049564 0.999200297363 0.000554741661768 0.00429703062438 0.0397491325527 0.00857027684773
3.88754487038 0.410288691521 0.314158737659 0.999190873579 -0.000644297475756 0.00548844398052 0.0398379218944 0.0110546471143
3.8875002861 0.407172828913 0.314173698425 0.999193144685 -0.00272292952982 0.00371987978616 0.0398974656215 0.00767553084596
3.88721871376 0.400828868151 0.31375965476 0.999203971706 -0.0034141089012 -0.000133808982735 0.0397460549386 4.00243172705e-06
3.88797926903 0.391413152218 0.313163876534 0.999206451212 -0.0052861505225 -0.00324755750881 0.0393443495212 -0.00609291727754
3.89151668549 0.382974624634 0.311822742224 0.999271815501 0.00312060663605 -0.00229197301356 0.0379584960038 -0.00483145118123
3.89845395088 0.384015619755 0.311750292778 0.999284264478 0.00921961033398 -0.00137763257514 0.0366614195194 -0.00343854386627
3.9030277729 0.401114046574 0.31086191535 0.999187056981 0.00314030226185 -0.00567305051149 0.0397891965421 -0.0116238090087
3.90986919403 0.42547672987 0.311375468969 0.998900010945 0.00201792357692 -0.0142245547525 0.0446358394284 -0.0287161444235
3.91508483887 0.439741581678 0.313279956579 0.999034436158 -0.0111569553715 -0.0101327875288 0.0412679577073 -0.0193927709065
3.92997670174 0.440139263868 0.313066393137 0.998831318623 -0.0135175230624 -0.00893882785969 0.0455342823021 -0.0166960986567
3.94151973724 0.42126250267 0.311754286289 0.999071179507 0.001779834907 -0.0098724110019 0.0419063953021 -0.0199469672315
3.95255041122 0.399448126554 0.312756210566 0.999167219508 0.011691476279 -0.00546089896336 0.0387085962827 -0.0118534987268
3.96492385864 0.39240860939 0.313933730125 0.999017687325 0.0206906648926 -0.0184213823771 0.0345862612796 -0.0383368011295
3.97193646431 0.405524760485 0.311865240335 0.99901634582 0.00323598184321 -0.0168946497868 0.0408710167997 -0.0341409094561
3.98505067825 0.427593767643 0.312027484179 0.999106487199 0.00329307657028 -0.00686557124792 0.0415721879991 -0.0140416131773
3.99729394913 0.44238743186 0.313640803099 0.999242087206 -0.0100904760835 0.00175413658357 0.0375547127873 0.00427556453665
4.01528406143 0.442298293114 0.313140928745 0.998981688458 -0.013170424608 0.00262244320707 0.0430725995578 0.00639785458953
4.02999448776 0.421301662922 0.311134338379 0.999190911664 -0.000341404523913 -0.00351566205168 0.040063020503 -0.00702087596643
4.04075098038 0.404779553413 0.312734872103 0.999030272223 0.0112543822274 0.00561485169896 0.0421939273362 0.0103060630561
4.05270767212 0.402646839619 0.313677877188 0.999139108908 0.0177975594429 -0.00451561426196 0.0372007682122 -0.0103763908909
4.05710554123 0.417940467596 0.312044560909 0.999166502932 0.0012105727574 -0.00957785274201 0.0396623079052 -0.0192976343406
4.06755399704 0.440948545933 0.311585783958 0.999076998021 -0.000380319563665 -0.0110489798552 0.0415081609746 -0.0221240314332
4.08357477188 0.452293097973 0.31344550848 0.999207877263 -0.0132509471776 0.00391345339839 0.037319100969 0.00883438276623
4.093064785 0.442652136087 0.312163591385 0.999290911938 0.00151423453385 -0.00582936611422 0.0371671750804 -0.0117958705046
4.10983419418 0.430008769035 0.311152428389 0.999221574596 -0.0025909157772 0.000657711916258 0.0393586004932 0.00152306842368
4.125207901 0.410375654697 0.313677310944 0.998850638023 0.015575873545 0.013190675944 0.043368204385 0.0250979275827
4.13629722595 0.410232245922 0.313590824604 0.999100189863 0.0207882323697 -0.00263062596372 0.0368746500723 -0.00680813930971
4.14181423187 0.428180575371 0.311485439539 0.999182038114 0.00219743866724 -0.00944626440136 0.0392580445688 -0.0191096044326
4.16319131851 0.459430098534 0.313559561968 0.999177767356 -0.016402538343 0.00584359759675 0.036614182 0.0129135063426
4.17865276337 0.456316530704 0.312739312649 0.998930362378 -0.0178214029977 0.00375569462183 0.0425020408085 0.00905095556408
4.18968153 0.435864239931 0.310914665461 0.999192548923 -0.00165750319622 -0.000716961788821 0.0401371252825 -0.00130391270915
4.20076084137 0.418385386467 0.31293156743 0.998978620593 0.0127388035806 0.00697287228771 0.0427880536213 0.012889100887
4.20925378799 0.415827095509 0.313536822796 0.999115366098 0.0169860858648 -0.00348311580609 0.0383122176014 -0.00828595494207
4.21441173553 0.428997576237 0.312348693609 0.999187696407 -0.00137834807029 -0.00508026534681 0.039952952445 -0.0100744819396
4.2245259285 0.444154530764 0.311993300915 0.999187409217 0.00644663246493 -0.00853064073574 0.0388611677843 -0.0176023803031
4.23445892334 0.461517363787 0.313509255648 0.999281395149 -0.011686790536 0.00329676665478 0.0359060380215 0.00744727511716
4.25021886826 0.464493364096 0.313418209553 0.998989203958 -0.017105008518 0.00483974034312 0.0412863896742 0.0111200787545
4.25714349747 0.450922906399 0.31166484952 0.999198451889 0.000276264432538 -0.0025321310835 0.0399495398308 -0.00509857182514
4.27147579193 0.432090431452 0.31179729104 0.999183852031 0.00380012383991 -0.000110233678717 0.0402141361686 -0.000527631328811
4.28495597839 0.42211830616 0.313742637634 0.998848825397 0.016370940214 0.0124525607228 0.043335321065 0.023548986018
4.29591321945 0.424662142992 0.313372403383 0.999100070982 0.0207561081437 -0.00186735913327 0.0369424567233 -0.00527931829148
4.30069875717 0.441384971142 0.311617553234 0.999199578102 0.00122965258795 -0.00718031123379 0.0393336269102 -0.0144911839585
4.30930995941 0.461536616087 0.31141102314 0.999154387139 -0.00367252611046 -0.00527502024667 0.0406103111798 -0.010276943128
4.32087278366 0.472397863865 0.313567817211 0.999181697865 -0.0171917187752 0.00634320878608 0.0360574979545 0.0139523167805
4.33723926544 0.467826247215 0.312380194664 0.99893441846 -0.0162082761094 0.00175087160341 0.043177006032 0.00491598144586
4.34502267838 0.452033877373 0.311066269875 0.999179436887 -0.00106845220001 -0.00167096542202 0.0404539143587 -0.00326343044092
4.35579776764 0.433608919382 0.311347514391 0.999111510404 0.00835478492656 0.00114601485918 0.0412925416524 0.00160549046716
4.36866760254 0.428408503532 0.313454508781 0.999082914616 0.0177296631644 -0.00291998492055 0.0388646684659 -0.00723458171208
4.37360572815 0.441442787647 0.312245726585 0.999188009212 -0.00228424037773 -0.00434795637981 0.0399899958429 -0.00853356816323
4.38401889801 0.456718802452 0.311786949635 0.999202610083 0.00711904370683 -0.00620130566477 0.0387944200669 -0.012984434448
4.3900384903 0.471909403801 0.312590062618 0.999291656652 -0.00850260348531 0.000601974575682 0.0366541717342 0.00183132828692
4.40476131439 0.477698802948 0.313537806273 0.99907810562 -0.015557651835 0.00420298717885 0.0397898635243 0.00966695006002
4.41234970093 0.463288068771 0.311889767647 0.999183246776 0.000165569985468 -0.00527611333311 0.0400621339521 -0.0105910659863
4.42997217178 0.442881584167 0.311760634184 0.999150248768 0.00289318435384 0.00345815944392 0.0409689029051 0.00669591851841
4.44783449173 0.434267967939 0.31378698349 0.999044472383 0.018219399293 0.00397655739538 0.0395269867453 0.0065257047984
4.45440721512 0.447595387697 0.312345027924 0.99920151338 -0.00129122171437 -0.00169099536502 0.0398974803839 -0.00328672795476
4.46553516388 0.463482528925 0.311365127563 0.999194237206 0.00703294263062 -0.00413100653605 0.039298204005 -0.00883548236517
4.47393512726 0.481539607048 0.313549399376 0.999248415145 -0.0140843374903 0.00548649243327 0.0356950230073 0.012000948717
4.49150466919 0.483177810907 0.313050121069 0.998872609528 -0.0208027302668 0.00134864375999 0.0426490035945 0.00448498020935
4.50101280212 0.464806646109 0.311267405748 0.999160472134 -0.00184383416745 -0.00421367851631 0.0407086736885 -0.00829776885116
4.50849676132 0.448645353317 0.311236053705 0.999243845921 0.00469421147191 -0.00322643863257 0.0384615504413 -0.00682933266401
4.52533531189 0.440889060497 0.31344717741 0.999082535758 0.0176989963124 -0.00215703919029 0.0389381490953 -0.00570574591714
4.53214120865 0.454019635916 0.312537610531 0.99918848652 -0.00197845574197 -0.0009436124559 0.0402189472088 -0.00173215569153
4.54108381271 0.475803911686 0.312115371227 0.999191698294 -0.00677394947555 -0.00432604257712 0.039387168277 -0.00813685001185
4.54967689514 0.486755073071 0.313545197248 0.99927260926 -0.0124200057159 0.00249993028826 0.0359686834486 0.0059049706515
4.56342458725 0.489454567432 0.313556492329 0.998987426519 -0.016932399152 0.000258047257938 0.0416815178126 0.00193382544038
4.56772851944 0.475656419992 0.312019735575 0.999169115837 0.0010404447401 -0.00785749288106 0.0399781845356 -0.0158363756259
4.58274173737 0.456442207098 0.312334269285 0.999242881747 0.00469447183237 -0.00322818055885 0.0384864139976 -0.00683309847233
4.60109853745 0.446470379829 0.314096689224 0.999003852589 0.0196902444663 0.00556533458355 0.0396563215053 0.00958835485125
4.60890436172 0.458772540092 0.312652856112 0.99913600775 -0.00277177009595 2.97673419787e-05 0.0414675104428 0.000290358624546
4.6192741394 0.480766952038 0.311900764704 0.999214209205 0.00702510663045 -0.00389926720899 0.0388124685458 -0.00836298592124
4.62370729446 0.50221580267 0.313575297594 0.999204931608 -0.0170173551805 0.00230301849356 0.035980694535 0.00584208952928
4.63019943237 0.509084284306 0.313601911068 0.998919284038 -0.0207347677574 -0.000668815254339 0.0415918990773 0.000389961332403
4.62926673889 0.501567780972 0.312719404697 0.999184190071 -0.000331957063003 -0.00336736287102 0.0402430737266 -0.0067243452361
4.63369464874 0.491352707148 0.313614845276 0.999122917856 -0.00469886442583 0.00148109769291 0.0415827132121 0.0033620091359
4.63401222229 0.481240868568 0.314230233431 0.999142368388 -0.00316027695051 0.00132557682089 0.0412647935532 0.00291964130552
4.63461971283 0.479308009148 0.314267963171 0.999161380668 -0.00321288367545 0.0026329620079 0.0407342640967 0.00554166746851
4.6344408989 0.476899474859 0.314274221659 0.999183854523 -0.00244012617576 0.00243773950634 0.0402458453839 0.00508439723436
4.63455533981 0.475493222475 0.314292728901 0.999182900732 -0.00244001208145 0.00243796266506 0.0402695116037 0.0050849660698