[3.388507843017578, 0.3708364963531494, 0.3148449957370758, -0.01696486584842205, 0.007214380893856287, 0.08464284241199493]
[3.388507843017578, 0.3708364963531494, 0.3148449957370758] [ 0.99906084 -0.00862729  0.00324495  0.04233756]
[3.3896894454956055, 0.37294432520866394, 0.31414058804512024, 0.004222765099257231, 0.014207540079951286, 0.08635949343442917]
[3.3896894454956055, 0.37294432520866394, 0.31414058804512024] [ 0.99904111  0.00180272  0.00718821  0.04315016]
[3.3895576000213623, 0.3712787926197052, 0.31428664922714233, 0.002274796599522233, 0.01207443606108427, 0.08612643927335739]
[3.3895576000213623, 0.3712787926197052, 0.31428664922714233] [  9.99054365e-01   8.76422937e-04   6.08054451e-03   4.30422385e-02]
[3.389582395553589, 0.36881548166275024, 0.31423646211624146, -0.0011039853561669588, 0.011171114630997181, 0.08584856241941452]
[3.389582395553589, 0.36881548166275024, 0.31423646211624146] [  9.99063025e-01  -7.91156736e-04   5.55669632e-03   4.29135056e-02]
[3.3894240856170654, 0.3658146858215332, 0.3141896426677704, -0.002691669622436166, 0.009443778544664383, 0.0856059193611145]
[3.3894240856170654, 0.3658146858215332, 0.3141896426677704] [ 0.99907178 -0.00154663  0.00465996  0.04279572]
[3.3889617919921875, 0.361669659614563, 0.3140760362148285, -0.007498667109757662, 0.001842368277721107, 0.08496366441249847]
[3.3889617919921875, 0.361669659614563, 0.3140760362148285] [  9.99090190e-01  -3.78506202e-03   7.61116217e-04   4.24721897e-02]
[3.388660430908203, 0.3543621599674225, 0.31359875202178955, -0.009285192005336285, -0.0076208943501114845, 0.08492261916399002]
[3.388660430908203, 0.3543621599674225, 0.31359875202178955] [ 0.99908138 -0.00447662 -0.00400403  0.04243011]
[3.3898372650146484, 0.3452792465686798, 0.31281808018684387, -0.010825126431882381, -0.013197088614106178, 0.08495386689901352]
[3.3898372650146484, 0.3452792465686798, 0.31281808018684387] [ 0.99906312 -0.00512734 -0.00682228  0.04242693]
[3.395944595336914, 0.33804577589035034, 0.31171855330467224, 0.015248274430632591, 0.0012536091962829232, 0.08312048017978668]
[3.395944595336914, 0.33804577589035034, 0.31171855330467224] [  9.99107461e-01   7.59143657e-03   9.43011742e-04   4.15422866e-02]
[3.4012293815612793, 0.3419869840145111, 0.311707466840744, 0.01830918900668621, -0.0014648970682173967, 0.07884706556797028]
[3.4012293815612793, 0.3419869840145111, 0.311707466840744] [  9.99180590e-01   9.17621812e-03  -3.71040844e-04   3.94183593e-02]
[3.4100565910339355, 0.38138437271118164, 0.3112045228481293, 0.005787815432995558, -0.03323475643992424, 0.0954262986779213]
[3.4100565910339355, 0.38138437271118164, 0.3112045228481293] [ 0.99871756  0.00368274 -0.01645963  0.0477363 ]
[3.4153709411621094, 0.39957258105278015, 0.312979131937027, -0.02315412275493145, -0.02386561594903469, 0.08973309397697449]
[3.4153709411621094, 0.39957258105278015, 0.312979131937027] [ 0.9988618  -0.01102917 -0.01243892  0.0447073 ]
[3.428140640258789, 0.40018898248672485, 0.31301039457321167, -0.027899760752916336, -0.022706007584929466, 0.0983329638838768]
[3.428140640258789, 0.40018898248672485, 0.31301039457321167] [ 0.99863781 -0.01337378 -0.01202346  0.04898055]
[3.439680814743042, 0.3809435963630676, 0.31181734800338745, 0.004244752693921328, -0.024466857314109802, 0.09104553610086441]
[3.439680814743042, 0.3809435963630676, 0.31181734800338745] [ 0.99888584  0.00267671 -0.01212385  0.04552948]
[3.44803786277771, 0.3619706928730011, 0.3125614523887634, 0.012354572303593159, -0.022408323362469673, 0.07578583806753159]
[3.44803786277771, 0.3619706928730011, 0.3125614523887634] [ 0.99919774  0.00659686 -0.01096167  0.03794991]
[3.463057041168213, 0.353840708732605, 0.3140770494937897, 0.03231973201036453, -0.033215321600437164, 0.07773597538471222]
[3.463057041168213, 0.353840708732605, 0.3140770494937897] [ 0.99896606  0.01678996 -0.01596436  0.03911592]
[3.4718828201293945, 0.36941415071487427, 0.31239256262779236, 0.0014397877966985106, -0.031045924872159958, 0.08532404899597168]
[3.4718828201293945, 0.36941415071487427, 0.31239256262779236] [ 0.99896901  0.00138117 -0.01547751  0.0426551 ]
[3.486391067504883, 0.39325204491615295, 0.3121415376663208, -0.00012848281767219305, -0.013951743021607399, 0.08969542384147644]
[3.486391067504883, 0.39325204491615295, 0.3121415376663208] [  9.98970221e-01   2.48569222e-04  -6.97168085e-03   4.48311410e-02]
[3.49969220161438, 0.4048829674720764, 0.3137819170951843, -0.02622518129646778, 0.014901665039360523, 0.0799647718667984]
[3.49969220161438, 0.4048829674720764, 0.3137819170951843] [ 0.99908327 -0.01339917  0.00692007  0.04006481]
[3.5161657333374023, 0.399722158908844, 0.31281453371047974, -0.023054618388414383, 0.001769881695508957, 0.09267107397317886]
[3.5161657333374023, 0.399722158908844, 0.31281453371047974] [  9.98859470e-01  -1.15556642e-02   3.50011273e-04   4.63260528e-02]
[3.530376434326172, 0.37798383831977844, 0.3110179007053375, -0.00010214699432253838, -0.009823059663176537, 0.08759403973817825]
[3.530376434326172, 0.37798383831977844, 0.3110179007053375] [  9.99029024e-01   1.64016836e-04  -4.90903638e-03   4.37822407e-02]
[3.5414531230926514, 0.3616085350513458, 0.3138296902179718, 0.03370228409767151, 0.010218420997262001, 0.09076343476772308]
[3.5414531230926514, 0.3616085350513458, 0.3138296902179718] [ 0.99881946  0.01660102  0.00586763  0.04527311]
[3.55369234085083, 0.3613367974758148, 0.31358760595321655, 0.03984303027391434, -0.00936171691864729, 0.07849016785621643]
[3.55369234085083, 0.3613367974758148, 0.31358760595321655] [ 0.99901713  0.02008826 -0.00389475  0.03931997]
[3.5604054927825928, 0.3796868920326233, 0.3117252588272095, 0.0034327576868236065, -0.015097061172127724, 0.08462252467870712]
[3.5604054927825928, 0.3796868920326233, 0.3117252588272095] [ 0.99907453  0.00203408 -0.00746909  0.04231032]
[3.5680155754089355, 0.4014100432395935, 0.3116123378276825, -0.007735162042081356, -0.010072418488562107, 0.08440277725458145]
[3.5680155754089355, 0.4014100432395935, 0.3116123378276825] [ 0.99909033 -0.00365161 -0.00519483  0.04216855]
[3.5828464031219482, 0.4119420349597931, 0.3137003183364868, -0.0323447622358799, 0.011829819530248642, 0.08031989634037018]
[3.5828464031219482, 0.4119420349597931, 0.3137003183364868] [ 0.99904172 -0.0163958   0.00526007  0.04023878]
[3.5890846252441406, 0.4036785960197449, 0.31143665313720703, 0.003771921619772911, -0.021762358024716377, 0.07968159019947052]
[3.5890846252441406, 0.4036785960197449, 0.31143665313720703] [ 0.99914471  0.00231774 -0.0107972   0.03984833]
[3.6104681491851807, 0.38346046209335327, 0.31090641021728516, -0.003146778093650937, -0.00016587087884545326, 0.08906277269124985]
[3.6104681491851807, 0.38346046209335327, 0.31090641021728516] [  9.99007407e-01  -1.56813660e-03  -1.52895130e-04   4.45164842e-02]
[3.6182639598846436, 0.3701707124710083, 0.3133808672428131, 0.027559679001569748, 0.008253319188952446, 0.09149076789617538]
[3.6182639598846436, 0.3701707124710083, 0.3133808672428131] [ 0.99885312  0.01357618  0.00475206  0.0456679 ]
[3.630139112472534, 0.37026649713516235, 0.31349995732307434, 0.03525162860751152, -0.010922177694737911, 0.07839252799749374]
[3.630139112472534, 0.37026649713516235, 0.31349995732307434] [ 0.99905804  0.01782507 -0.00476538  0.03927573]
[3.6384334564208984, 0.39020198583602905, 0.311937153339386, 0.004515717271715403, -0.0075131128542125225, 0.08597583323717117]
[3.6384334564208984, 0.39020198583602905, 0.311937153339386] [ 0.9990662   0.00241719 -0.00365604  0.04298274]
[3.6469454765319824, 0.40932151675224304, 0.3117915987968445, -0.007738171145319939, -0.0017981573473662138, 0.08179289847612381]
[3.6469454765319824, 0.40932151675224304, 0.3117915987968445] [ 0.99915612 -0.00382908 -0.00105651  0.04088125]
[3.6616270542144775, 0.41732385754585266, 0.31341272592544556, -0.02621571160852909, 0.015379758551716805, 0.08099294453859329]
[3.6616270542144775, 0.41732385754585266, 0.31341272592544556] [ 0.99906067 -0.01340764  0.00715219  0.04058144]
[3.6693131923675537, 0.40544968843460083, 0.3124254643917084, 0.001888139871880412, -0.0039863320998847485, 0.08584699779748917]
[3.6693131923675537, 0.40544968843460083, 0.3124254643917084] [ 0.99907642  0.00102873 -0.00195082  0.0429121 ]
[3.682497501373291, 0.3865942656993866, 0.3119279146194458, 0.009109696373343468, -0.012783404439687729, 0.08598333597183228]
[3.682497501373291, 0.3865942656993866, 0.3119279146194458] [ 0.99904398  0.00482523 -0.00618993  0.04300619]
[3.6989283561706543, 0.3744357228279114, 0.3138314187526703, 0.03527914732694626, 0.01782996766269207, 0.09165748208761215]
[3.6989283561706543, 0.3744357228279114, 0.3138314187526703] [ 0.99876215  0.01721109  0.00971216  0.04564667]
[3.7090392112731934, 0.3755403161048889, 0.31371039152145386, 0.04287080839276314, -0.0026937860529869795, 0.08125056326389313]
[3.7090392112731934, 0.3755403161048889, 0.31371039152145386] [  9.98943288e-01   2.14707487e-02  -4.74959781e-04   4.06335859e-02]
[3.715945243835449, 0.39364615082740784, 0.3117426335811615, 0.0034233680926263332, -0.009844927117228508, 0.08493682742118835]
[3.715945243835449, 0.39364615082740784, 0.3117426335811615] [ 0.99908443  0.0019191  -0.00484533  0.04246349]
[3.722707748413086, 0.4148063361644745, 0.31149163842201233, -0.009258877485990524, -0.009001133032143116, 0.0833047479391098]
[3.722707748413086, 0.4148063361644745, 0.31149163842201233] [ 0.99911271 -0.00443796 -0.00468937  0.04161865]
[3.7368922233581543, 0.42461007833480835, 0.31348374485969543, -0.029268711805343628, 0.010320520959794521, 0.080516017973423]
[3.7368922233581543, 0.42461007833480835, 0.31348374485969543] [ 0.99906642 -0.01482944  0.00456654  0.04031774]
[3.743015766143799, 0.41516757011413574, 0.3116095960140228, 0.008132548071444035, -0.021319683641195297, 0.0803680345416069]
[3.743015766143799, 0.41516757011413574, 0.3116095960140228] [ 0.99912596  0.00449098 -0.0104876   0.0402139 ]
[3.7631194591522217, 0.39863014221191406, 0.3111332356929779, -0.0077489223331213, -0.00014966541493777186, 0.08904920518398285]
[3.7631194591522217, 0.39863014221191406, 0.3111332356929779] [  9.99001455e-01  -3.86728089e-03  -2.47209402e-04   4.45092690e-02]
[3.7719316482543945, 0.38378581404685974, 0.31325894594192505, 0.026057204231619835, 0.012370600365102291, 0.09290088713169098]
[3.7719316482543945, 0.38378581404685974, 0.31325894594192505] [ 0.99882123  0.01272675  0.006783    0.04634842]
[3.784877300262451, 0.3847065567970276, 0.31355881690979004, 0.03829903155565262, -0.008335479535162449, 0.07968221604824066]
[3.784877300262451, 0.3847065567970276, 0.31355881690979004] [ 0.99901139  0.01929896 -0.00340097  0.03990266]
[3.7918481826782227, 0.40371543169021606, 0.31204283237457275, 0.005175906233489513, -0.007497736252844334, 0.08553158491849899]
[3.7918481826782227, 0.40371543169021606, 0.31204283237457275] [ 0.9990749   0.00274584 -0.00363478  0.04276201]
[3.799314022064209, 0.422664612531662, 0.3119693398475647, -0.010782761499285698, -0.005325706209987402, 0.08105742931365967]
[3.799314022064209, 0.422664612531662, 0.3119693398475647] [ 0.99916134 -0.00527902 -0.00287907  0.04050254]
[3.811160087585449, 0.42989736795425415, 0.313301146030426, -0.023157421499490738, 0.012468344531953335, 0.07834144681692123]
[3.811160087585449, 0.42989736795425415, 0.313301146030426] [ 0.9991437  -0.01181346  0.00577552  0.03922945]
[3.8184123039245605, 0.4207537770271301, 0.31210219860076904, 0.005667663644999266, -0.015252389013767242, 0.08157278597354889]
[3.8184123039245605, 0.4207537770271301, 0.31210219860076904] [ 0.9991344   0.00314234 -0.0075042   0.04079533]
[3.8376126289367676, 0.4068044126033783, 0.31159770488739014, -0.012355988845229149, -0.00152106664609164, 0.0856335386633873]
[3.8376126289367676, 0.4068044126033783, 0.31159770488739014] [ 0.99906435 -0.00613974 -0.00102426  0.04279816]
[3.8500022888183594, 0.38976338505744934, 0.313872754573822, 0.03075253590941429, 0.026546692475676537, 0.09339689463376999]
[3.8500022888183594, 0.38976338505744934, 0.313872754573822] [ 0.99871329  0.01473802  0.01397461  0.04646799]
[3.8618898391723633, 0.3902055323123932, 0.3139633238315582, 0.04439833015203476, -0.001158856088295579, 0.08138317614793777]
[3.8618898391723633, 0.3902055323123932, 0.3139633238315582] [  9.98925333e-01   2.22025289e-02   3.24189972e-04   4.06831804e-02]
[3.8669509887695312, 0.41032782196998596, 0.3121993839740753, 0.0023289695382118225, -0.010720288380980492, 0.08506312966346741]
[3.8669509887695312, 0.41032782196998596, 0.3121993839740753] [ 0.99908037  0.00139132 -0.00530576  0.04252434]
[3.8716821670532227, 0.4335089325904846, 0.3116145431995392, -0.009283351711928844, -0.011114208027720451, 0.08588653057813644]
[3.8716821670532227, 0.4335089325904846, 0.3116145431995392] [ 0.999053   -0.00439875 -0.00575116  0.04290317]
[3.8802924156188965, 0.4490462839603424, 0.31327253580093384, -0.03844995051622391, 0.006161275785416365, 0.08175761252641678]
[3.8802924156188965, 0.4490462839603424, 0.31327253580093384] [ 0.99897278 -0.01933351  0.00229187  0.04091885]
[3.8792176246643066, 0.4462127685546875, 0.3123731017112732, 0.003019543131813407, -0.010182086378335953, 0.08165962249040604]
[3.8792176246643066, 0.4462127685546875, 0.3123731017112732] [ 0.99915218  0.0017163  -0.00502515  0.04082557]
[3.8853728771209717, 0.43971163034439087, 0.3130682408809662, -0.008829452097415924, 0.00265329098328948, 0.08786696940660477]
[3.8853728771209717, 0.43971163034439087, 0.3130682408809662] [ 0.99902421 -0.00446871  0.00113146  0.04392474]
[3.887082815170288, 0.429661363363266, 0.31379514932632446, -0.00927007757127285, 0.004435183946043253, 0.08835116773843765]
[3.887082815170288, 0.429661363363266, 0.31379514932632446] [ 0.99901078 -0.00472842  0.00201072  0.0441709 ]
[3.8872015476226807, 0.42206889390945435, 0.31418249011039734, -0.006205844692885876, 0.0029101234395056963, 0.08870705217123032]
[3.8872015476226807, 0.42206889390945435, 0.31418249011039734] [ 0.99901048 -0.00316438  0.00131604  0.04434324]
[3.8866631984710693, 0.41921472549438477, 0.31416985392570496, -0.003147487062960863, 0.0009169084369204938, 0.08776958286762238]
[3.8866631984710693, 0.41921472549438477, 0.31416985392570496] [  9.99035843e-01  -1.59234023e-03   3.88971038e-04   4.38713685e-02]
[3.8867852687835693, 0.41780945658683777, 0.31419867277145386, -0.003147474257275462, 0.0009174385922960937, 0.08779344707727432]
[3.8867852687835693, 0.41780945658683777, 0.31419867277145386] [  9.99035320e-01  -1.59235011e-03   3.89217141e-04   4.38832896e-02]
[3.8869423866271973, 0.41599252820014954, 0.3141436278820038, -0.0016134721226990223, 0.0009143729694187641, 0.0878186896443367]
[3.8869423866271973, 0.41599252820014954, 0.3141436278820038] [  9.99035694e-01  -8.26026610e-04   4.21333794e-04   4.38955860e-02]
