[0.020000005140900612, 4.842877388000488e-08, 2.3994054922960515e-25]
[0.020000005140900612, 4.842877388000488e-08, 2.3994054922960515e-25]
[0.020000005140900612, 4.842877388000488e-08, 2.3994054922960515e-25]
[0.020000005140900612, 4.842877388000488e-08, 2.3994054922960515e-25]
[0.06000000238418579, 1.7136335372924805e-07, 2.3997575857671702e-21]
[0.06000000238418579, 1.7136335372924805e-07, 2.3997575857671702e-21]
[0.06000000238418579, 1.7136335372924805e-07, 2.3997575857671702e-21]
[0.06000000238418579, 1.7136335372924805e-07, 2.3997575857671702e-21]
[0.09999998658895493, 1.7229467630386353e-07, 4.799275256844957e-21]
[0.09999998658895493, 1.7229467630386353e-07, 4.799275256844957e-21]
[0.09999998658895493, 1.7229467630386353e-07, 4.799275256844957e-21]
[0.09999998658895493, 1.7229467630386353e-07, 4.799275256844957e-21]
[0.13999998569488525, 1.7415732145309448e-07, 7.198792927922744e-21]
[0.13999998569488525, 1.7415732145309448e-07, 7.198792927922744e-21]
[0.13999998569488525, 1.7415732145309448e-07, 7.198792927922744e-21]
[0.13999998569488525, 1.7415732145309448e-07, 7.198792927922744e-21]
[0.17999997735023499, 1.7974525690078735e-07, 9.598310599000532e-21]
[0.17999997735023499, 1.7974525690078735e-07, 9.598310599000532e-21]
[0.17999997735023499, 1.7974525690078735e-07, 9.598310599000532e-21]
[0.21999995410442352, 1.816079020500183e-07, 1.1997828270078319e-20]
[0.21999995410442352, 1.816079020500183e-07, 1.1997828270078319e-20]
[0.21999995410442352, 1.816079020500183e-07, 1.1997828270078319e-20]
[0.21999995410442352, 1.816079020500183e-07, 1.1997828270078319e-20]
[0.25999996066093445, 1.8347054719924927e-07, 1.4397346748949673e-20]
[0.25999996066093445, 1.8347054719924927e-07, 1.4397346748949673e-20]
[0.25999996066093445, 1.8347054719924927e-07, 1.4397346748949673e-20]
[0.25999996066093445, 1.8347054719924927e-07, 1.4397346748949673e-20]
[0.2999999225139618, 1.909211277961731e-07, 1.6796865227821027e-20]
[0.2999999225139618, 1.909211277961731e-07, 1.6796865227821027e-20]
[0.2999999225139618, 1.909211277961731e-07, 1.6796865227821027e-20]
[0.2999999225139618, 1.909211277961731e-07, 1.6796865227821027e-20]
[0.3399999439716339, 1.9278377294540405e-07, 1.919638370669238e-20]
[0.3399999439716339, 1.9278377294540405e-07, 1.919638370669238e-20]
[0.3399999439716339, 1.9278377294540405e-07, 1.919638370669238e-20]
[0.37999996542930603, 1.9650906324386597e-07, 2.1595902185563735e-20]
[0.37999996542930603, 1.9650906324386597e-07, 2.1595902185563735e-20]
[0.37999996542930603, 1.9650906324386597e-07, 2.1595902185563735e-20]
[0.37999996542930603, 1.9650906324386597e-07, 2.1595902185563735e-20]
[0.41999995708465576, 2.076849341392517e-07, 2.399542066443509e-20]
[0.41999995708465576, 2.076849341392517e-07, 2.399542066443509e-20]
[0.41999995708465576, 2.076849341392517e-07, 2.399542066443509e-20]
[0.41999995708465576, 2.076849341392517e-07, 2.399542066443509e-20]
[0.4599999785423279, 2.076849341392517e-07, 2.6394939143306443e-20]
[0.4599999785423279, 2.076849341392517e-07, 2.6394939143306443e-20]
[0.4599999785423279, 2.076849341392517e-07, 2.6394939143306443e-20]
[0.4999999701976776, 2.1141022443771362e-07, 2.87944576221778e-20]
[0.4999999701976776, 2.1141022443771362e-07, 2.87944576221778e-20]
[0.4999999701976776, 2.1141022443771362e-07, 2.87944576221778e-20]
[0.4999999701976776, 2.1141022443771362e-07, 2.87944576221778e-20]
[0.5399999618530273, 2.1886080503463745e-07, 3.119397610104915e-20]
[0.5399999618530273, 2.1886080503463745e-07, 3.119397610104915e-20]
[0.5399999618530273, 2.1886080503463745e-07, 3.119397610104915e-20]
[0.5399999618530273, 2.1886080503463745e-07, 3.119397610104915e-20]
[0.5799999237060547, 2.1886080503463745e-07, 3.3593494579920506e-20]
[0.5799999237060547, 2.1886080503463745e-07, 3.3593494579920506e-20]
[0.5799999237060547, 2.1886080503463745e-07, 3.3593494579920506e-20]
[0.6199999451637268, 2.2631138563156128e-07, 3.599301305879186e-20]
[0.6199999451637268, 2.2631138563156128e-07, 3.599301305879186e-20]
[0.6199999451637268, 2.2631138563156128e-07, 3.599301305879186e-20]
[0.6199999451637268, 2.2631138563156128e-07, 3.599301305879186e-20]
[0.6599999070167542, 2.4121254682540894e-07, 3.8392531537663214e-20]
[0.6599999070167542, 2.4121254682540894e-07, 3.8392531537663214e-20]
[0.6599999070167542, 2.4121254682540894e-07, 3.8392531537663214e-20]
[0.6599999070167542, 2.4121254682540894e-07, 3.8392531537663214e-20]
[0.6999999284744263, 2.4121254682540894e-07, 4.079205001653457e-20]
[0.6999999284744263, 2.4121254682540894e-07, 4.079205001653457e-20]
[0.6999999284744263, 2.4121254682540894e-07, 4.079205001653457e-20]
[0.7399998903274536, 2.4866312742233276e-07, 4.319156849540592e-20]
[0.7399998903274536, 2.4866312742233276e-07, 4.319156849540592e-20]
[0.7399998903274536, 2.4866312742233276e-07, 4.319156849540592e-20]
[0.7399998903274536, 2.4866312742233276e-07, 4.319156849540592e-20]
[0.7799999117851257, 2.4866312742233276e-07, 4.5591086974277276e-20]
[0.7799999117851257, 2.4866312742233276e-07, 4.5591086974277276e-20]
[0.7799999117851257, 2.4866312742233276e-07, 4.5591086974277276e-20]
[0.7799999117851257, 2.4866312742233276e-07, 4.5591086974277276e-20]
[0.8199998736381531, 2.561137080192566e-07, 4.799060545314863e-20]
[0.8199998736381531, 2.561137080192566e-07, 4.799060545314863e-20]
[0.8199998736381531, 2.561137080192566e-07, 4.799060545314863e-20]
[0.8599998354911804, 2.635642886161804e-07, 5.0390123932019984e-20]
[0.8599998354911804, 2.635642886161804e-07, 5.0390123932019984e-20]
[0.8599998354911804, 2.635642886161804e-07, 5.0390123932019984e-20]
[0.8599998354911804, 2.635642886161804e-07, 5.0390123932019984e-20]
[0.8999997973442078, 2.635642886161804e-07, 5.278964241089134e-20]
[0.8999997973442078, 2.635642886161804e-07, 5.278964241089134e-20]
[0.8999997973442078, 2.635642886161804e-07, 5.278964241089134e-20]
[0.8999997973442078, 2.635642886161804e-07, 5.278964241089134e-20]
[0.8999997973442078, 2.635642886161804e-07, 5.278964241089134e-20]
[0.8999997973442078, 2.635642886161804e-07, 5.278964241089134e-20]
[0.8999997973442078, 2.635642886161804e-07, 5.278964241089134e-20]
[0.8999997973442078, 2.635642886161804e-07, 5.278964241089134e-20]
[0.8999997973442078, 2.635642886161804e-07, 5.278964241089134e-20]
[0.8999997973442078, 2.635642886161804e-07, 5.278964241089134e-20]
[0.8999997973442078, 2.635642886161804e-07, 5.278964241089134e-20]
[0.8999997973442078, 2.635642886161804e-07, 5.278964241089134e-20]
[0.8999997973442078, 2.635642886161804e-07, 5.278964241089134e-20]
[0.8999997973442078, 2.635642886161804e-07, 5.278964241089134e-20]
[0.8999997973442078, 2.635642886161804e-07, 5.278964241089134e-20]
[0.8999997973442078, 2.635642886161804e-07, 5.278964241089134e-20]
[0.8999997973442078, 2.635642886161804e-07, 5.278964241089134e-20]
[0.8999997973442078, 2.635642886161804e-07, 5.278964241089134e-20]
[0.8999997973442078, 2.635642886161804e-07, 5.278964241089134e-20]
[0.8999997973442078, 2.635642886161804e-07, 5.278964241089134e-20]
[0.8999997973442078, 2.635642886161804e-07, 5.278964241089134e-20]
[0.8999997973442078, 2.635642886161804e-07, 5.278964241089134e-20]
[0.8999997973442078, 2.635642886161804e-07, 5.278964241089134e-20]
[0.8999997973442078, 2.635642886161804e-07, 5.278964241089134e-20]
[0.8999997973442078, 2.635642886161804e-07, 5.278964241089134e-20]
[0.8999997973442078, 2.635642886161804e-07, 5.278964241089134e-20]
[0.8999997973442078, 2.635642886161804e-07, 5.278964241089134e-20]
[0.8999997973442078, 2.635642886161804e-07, 5.278964241089134e-20]
[0.8999997973442078, 2.635642886161804e-07, 5.278964241089134e-20]
[0.8999997973442078, 2.635642886161804e-07, 5.278964241089134e-20]
[0.8999997973442078, 2.635642886161804e-07, 5.278964241089134e-20]
[0.8999997973442078, 2.635642886161804e-07, 5.278964241089134e-20]
[0.8999997973442078, 2.635642886161804e-07, 5.278964241089134e-20]
[0.8999997973442078, 2.635642886161804e-07, 5.278964241089134e-20]
[0.8999997973442078, 2.635642886161804e-07, 5.278964241089134e-20]
[0.8999997973442078, 2.635642886161804e-07, 5.278964241089134e-20]
[0.8999997973442078, 2.635642886161804e-07, 5.278964241089134e-20]
[0.8999997973442078, 2.635642886161804e-07, 5.278964241089134e-20]
[0.8999997973442078, 2.635642886161804e-07, 5.278964241089134e-20]
[0.8999997973442078, 2.635642886161804e-07, 5.278964241089134e-20]
[0.8999997973442078, 2.635642886161804e-07, 5.278964241089134e-20]
[0.8999997973442078, 2.635642886161804e-07, 5.278964241089134e-20]
[0.8999997973442078, 2.635642886161804e-07, 5.278964241089134e-20]
[0.8999997973442078, 2.635642886161804e-07, 5.278964241089134e-20]
[0.8999997973442078, 2.635642886161804e-07, 5.278964241089134e-20]
[0.8999997973442078, 2.635642886161804e-07, 5.278964241089134e-20]
[0.8999997973442078, 2.635642886161804e-07, 5.278964241089134e-20]
[0.8999997973442078, 2.635642886161804e-07, 5.278964241089134e-20]
[0.8999997973442078, 2.635642886161804e-07, 5.278964241089134e-20]
[0.8999997973442078, 2.635642886161804e-07, 5.278964241089134e-20]
[0.8999997973442078, 2.635642886161804e-07, 5.278964241089134e-20]
[0.8999997973442078, 2.635642886161804e-07, 5.278964241089134e-20]
[0.8999997973442078, 2.635642886161804e-07, 5.278964241089134e-20]
[0.8999997973442078, 2.635642886161804e-07, 5.278964241089134e-20]
[0.8999997973442078, 2.635642886161804e-07, 5.278964241089134e-20]
[0.8999997973442078, 2.635642886161804e-07, 5.278964241089134e-20]
[0.8999997973442078, 2.635642886161804e-07, 5.278964241089134e-20]
[0.8999997973442078, 2.635642886161804e-07, 5.278964241089134e-20]
[0.8999997973442078, 2.635642886161804e-07, 5.278964241089134e-20]
[0.8999997973442078, 2.635642886161804e-07, 5.278964241089134e-20]
[0.8999997973442078, 2.635642886161804e-07, 5.278964241089134e-20]
[0.8999997973442078, 2.635642886161804e-07, 5.278964241089134e-20]
[0.8999997973442078, 2.635642886161804e-07, 5.278964241089134e-20]
[0.8999997973442078, 2.635642886161804e-07, 5.278964241089134e-20]
[0.8999997973442078, 2.635642886161804e-07, 5.278964241089134e-20]
[0.8999997973442078, 2.635642886161804e-07, 5.278964241089134e-20]
[0.8999997973442078, 2.635642886161804e-07, 5.278964241089134e-20]
[0.8999997973442078, 2.635642886161804e-07, 5.278964241089134e-20]
[0.8999997973442078, 2.635642886161804e-07, 5.278964241089134e-20]
[0.8999997973442078, 2.635642886161804e-07, 5.278964241089134e-20]
[0.8999997973442078, 2.635642886161804e-07, 5.278964241089134e-20]
[0.8999997973442078, 2.635642886161804e-07, 5.278964241089134e-20]
[0.8999997973442078, 2.635642886161804e-07, 5.278964241089134e-20]
[0.8999997973442078, 2.635642886161804e-07, 5.278964241089134e-20]
[0.8999997973442078, 2.635642886161804e-07, 5.278964241089134e-20]
[0.8999997973442078, 2.635642886161804e-07, 5.278964241089134e-20]
[0.8999997973442078, 2.635642886161804e-07, 5.278964241089134e-20]
[0.8999997973442078, 2.635642886161804e-07, 5.278964241089134e-20]
[0.8999997973442078, 2.635642886161804e-07, 5.278964241089134e-20]
[0.8999997973442078, 2.635642886161804e-07, 5.278964241089134e-20]
[0.8999997973442078, 2.635642886161804e-07, 5.278964241089134e-20]
[0.8999997973442078, 2.635642886161804e-07, 5.278964241089134e-20]
[0.8999997973442078, 2.635642886161804e-07, 5.278964241089134e-20]
[0.8999997973442078, 2.635642886161804e-07, 5.278964241089134e-20]
[0.8999997973442078, 2.635642886161804e-07, 5.278964241089134e-20]
[0.8999997973442078, 2.635642886161804e-07, 5.278964241089134e-20]
[0.8999997973442078, 2.635642886161804e-07, 5.278964241089134e-20]
[0.8999997973442078, 2.635642886161804e-07, 5.278964241089134e-20]
[0.8999997973442078, 2.635642886161804e-07, 5.278964241089134e-20]
[0.8999997973442078, 2.635642886161804e-07, 5.278964241089134e-20]
[0.8999997973442078, 2.635642886161804e-07, 5.278964241089134e-20]
[0.8999997973442078, 2.635642886161804e-07, 5.278964241089134e-20]
[0.8999997973442078, 2.635642886161804e-07, 5.278964241089134e-20]
[0.8999997973442078, 2.635642886161804e-07, 5.278964241089134e-20]
[0.8999997973442078, 2.635642886161804e-07, 5.278964241089134e-20]
[0.8999997973442078, 2.635642886161804e-07, 5.278964241089134e-20]
[0.8999997973442078, 2.635642886161804e-07, 5.278964241089134e-20]
[0.8999997973442078, 2.635642886161804e-07, 5.278964241089134e-20]
[0.8999997973442078, 2.635642886161804e-07, 5.278964241089134e-20]
[0.8999997973442078, 2.635642886161804e-07, 5.278964241089134e-20]
[0.8999997973442078, 2.635642886161804e-07, 5.278964241089134e-20]
[0.8999997973442078, 2.635642886161804e-07, 5.278964241089134e-20]
[0.8999997973442078, 2.635642886161804e-07, 5.278964241089134e-20]
[0.8999997973442078, 2.635642886161804e-07, 5.278964241089134e-20]
[0.8999997973442078, 2.635642886161804e-07, 5.278964241089134e-20]
[0.8999997973442078, 2.635642886161804e-07, 5.278964241089134e-20]
[0.8999997973442078, 2.635642886161804e-07, 5.278964241089134e-20]
[0.8999997973442078, 2.635642886161804e-07, 5.278964241089134e-20]
[0.8999997973442078, 2.635642886161804e-07, 5.278964241089134e-20]
[0.8999997973442078, 2.635642886161804e-07, 5.278964241089134e-20]
[0.8999997973442078, 2.635642886161804e-07, 5.278964241089134e-20]
[0.8999997973442078, 2.635642886161804e-07, 5.278964241089134e-20]
[0.8999997973442078, 2.635642886161804e-07, 5.278964241089134e-20]
[0.8999997973442078, 2.635642886161804e-07, 5.278964241089134e-20]
[0.8999997973442078, 2.635642886161804e-07, 5.278964241089134e-20]
[0.8999997973442078, 2.635642886161804e-07, 5.278964241089134e-20]
[0.8999997973442078, 2.635642886161804e-07, 5.278964241089134e-20]
[0.8999997973442078, 2.635642886161804e-07, 5.278964241089134e-20]
[0.8999997973442078, 2.635642886161804e-07, 5.278964241089134e-20]
[0.8999997973442078, 2.635642886161804e-07, 5.278964241089134e-20]
[0.8999997973442078, 2.635642886161804e-07, 5.278964241089134e-20]
[0.8999997973442078, 2.635642886161804e-07, 5.278964241089134e-20]
[0.8999997973442078, 2.635642886161804e-07, 5.278964241089134e-20]
[0.8999997973442078, 2.635642886161804e-07, 5.278964241089134e-20]
[0.8999997973442078, 2.635642886161804e-07, 5.278964241089134e-20]
[0.8999997973442078, 2.635642886161804e-07, 5.278964241089134e-20]
[0.8999997973442078, 2.635642886161804e-07, 5.278964241089134e-20]
[0.8999997973442078, 2.635642886161804e-07, 5.278964241089134e-20]
[0.8999997973442078, 2.635642886161804e-07, 5.278964241089134e-20]
[0.8999997973442078, 2.635642886161804e-07, 5.278964241089134e-20]
[0.8999997973442078, 2.635642886161804e-07, 5.278964241089134e-20]
[0.8999997973442078, 2.635642886161804e-07, 5.278964241089134e-20]
[0.8999997973442078, 2.635642886161804e-07, 5.278964241089134e-20]
[0.8999997973442078, 2.635642886161804e-07, 5.278964241089134e-20]
[0.8999997973442078, 2.635642886161804e-07, 5.278964241089134e-20]
[0.8999997973442078, 2.635642886161804e-07, 5.278964241089134e-20]
[0.8999997973442078, 2.635642886161804e-07, 5.278964241089134e-20]
[0.8999997973442078, 2.635642886161804e-07, 5.278964241089134e-20]
[0.8999997973442078, 2.635642886161804e-07, 5.278964241089134e-20]
[0.8999997973442078, 2.635642886161804e-07, 5.278964241089134e-20]
[0.8999997973442078, 2.635642886161804e-07, 5.278964241089134e-20]
[0.8999997973442078, 2.635642886161804e-07, 5.278964241089134e-20]
[0.9199997186660767, 3.2316893339157104e-07, 7.450580596923828e-09]
[0.9199997186660767, 3.2316893339157104e-07, 7.450580596923828e-09]
[0.9199997186660767, 3.2316893339157104e-07, 7.450580596923828e-09]
[0.9199997186660767, 3.2316893339157104e-07, 7.450580596923828e-09]
[0.959999680519104, 4.3492764234542847e-07, 1.4901154976598718e-08]
[0.959999680519104, 4.3492764234542847e-07, 1.4901154976598718e-08]
[0.959999680519104, 4.3492764234542847e-07, 1.4901154976598718e-08]
[0.9999997615814209, 4.498288035392761e-07, 2.235172935627361e-08]
[0.9999997615814209, 4.498288035392761e-07, 2.235172935627361e-08]
[0.9999997615814209, 4.498288035392761e-07, 2.235172935627361e-08]
[1.0399997234344482, 4.498288035392761e-07, 2.980230462412692e-08]
[1.0399997234344482, 4.498288035392761e-07, 2.980230462412692e-08]
[1.0399997234344482, 4.498288035392761e-07, 2.980230462412692e-08]
[1.0399997234344482, 4.498288035392761e-07, 2.980230462412692e-08]
[1.0799998044967651, 4.5727938413619995e-07, 3.725287811562339e-08]
[1.0799998044967651, 4.5727938413619995e-07, 3.725287811562339e-08]
[1.0799998044967651, 4.5727938413619995e-07, 3.725287811562339e-08]
[1.1199997663497925, 4.647299647331238e-07, 4.470345160711986e-08]
[1.1199997663497925, 4.647299647331238e-07, 4.470345160711986e-08]
[1.1199997663497925, 4.647299647331238e-07, 4.470345160711986e-08]
[1.1599997282028198, 4.647299647331238e-07, 5.215402509861633e-08]
[1.1599997282028198, 4.647299647331238e-07, 5.215402509861633e-08]
[1.1599997282028198, 4.647299647331238e-07, 5.215402509861633e-08]
[1.1999996900558472, 4.647299647331238e-07, 5.96045985901128e-08]
[1.1999996900558472, 4.647299647331238e-07, 5.96045985901128e-08]
[1.1999996900558472, 4.647299647331238e-07, 5.96045985901128e-08]
[1.2399996519088745, 4.647299647331238e-07, 6.705517563432295e-08]
[1.2399996519088745, 4.647299647331238e-07, 6.705517563432295e-08]
[1.2399996519088745, 4.647299647331238e-07, 6.705517563432295e-08]
[1.2799996137619019, 4.796311259269714e-07, 7.450574912581942e-08]
[1.2799996137619019, 4.796311259269714e-07, 7.450574912581942e-08]
[1.2799996137619019, 4.796311259269714e-07, 7.450574912581942e-08]
[1.3199995756149292, 4.945322871208191e-07, 8.195632261731589e-08]
[1.3199995756149292, 4.945322871208191e-07, 8.195632261731589e-08]
[1.3199995756149292, 4.945322871208191e-07, 8.195632261731589e-08]
[1.3599995374679565, 4.945322871208191e-07, 8.940689610881236e-08]
[1.3599995374679565, 4.945322871208191e-07, 8.940689610881236e-08]
[1.3599995374679565, 4.945322871208191e-07, 8.940689610881236e-08]
[1.3599995374679565, 4.945322871208191e-07, 8.940689610881236e-08]
[1.3999996185302734, 5.094334483146667e-07, 9.685746960030883e-08]
[1.3999996185302734, 5.094334483146667e-07, 9.685746960030883e-08]
[1.3999996185302734, 5.094334483146667e-07, 9.685746960030883e-08]
[1.4399994611740112, 5.094334483146667e-07, 1.043080430918053e-07]
[1.4399994611740112, 5.094334483146667e-07, 1.043080430918053e-07]
[1.4399994611740112, 5.094334483146667e-07, 1.043080430918053e-07]
[1.4399994611740112, 5.094334483146667e-07, 1.043080430918053e-07]
[1.4799996614456177, 5.094334483146667e-07, 1.1175861658330177e-07]
[1.4799996614456177, 5.094334483146667e-07, 1.1175861658330177e-07]
[1.519999623298645, 5.392357707023621e-07, 1.1920919007479824e-07]
[1.519999623298645, 5.392357707023621e-07, 1.1920919007479824e-07]
[1.519999623298645, 5.392357707023621e-07, 1.1920919007479824e-07]
[1.519999623298645, 5.392357707023621e-07, 1.1920919007479824e-07]
[1.5599995851516724, 5.541369318962097e-07, 1.2665977067172207e-07]
[1.5599995851516724, 5.541369318962097e-07, 1.2665977067172207e-07]
[1.5599995851516724, 5.541369318962097e-07, 1.2665977067172207e-07]
[1.5599995851516724, 5.541369318962097e-07, 1.2665977067172207e-07]
[1.5999994277954102, 5.541369318962097e-07, 1.341103512686459e-07]
[1.5999994277954102, 5.541369318962097e-07, 1.341103512686459e-07]
[1.5999994277954102, 5.541369318962097e-07, 1.341103512686459e-07]
[1.639999508857727, 5.690380930900574e-07, 1.4156093186556973e-07]
[1.639999508857727, 5.690380930900574e-07, 1.4156093186556973e-07]
[1.639999508857727, 5.690380930900574e-07, 1.4156093186556973e-07]
[1.639999508857727, 5.690380930900574e-07, 1.4156093186556973e-07]
[1.6799994707107544, 5.690380930900574e-07, 1.4901151246249356e-07]
[1.6799994707107544, 5.690380930900574e-07, 1.4901151246249356e-07]
[1.6799994707107544, 5.690380930900574e-07, 1.4901151246249356e-07]
[1.7199994325637817, 5.83939254283905e-07, 1.5646209305941738e-07]
[1.7199994325637817, 5.83939254283905e-07, 1.5646209305941738e-07]
[1.7199994325637817, 5.83939254283905e-07, 1.5646209305941738e-07]
[1.759999394416809, 5.988404154777527e-07, 1.639126736563412e-07]
[1.759999394416809, 5.988404154777527e-07, 1.639126736563412e-07]
[1.759999394416809, 5.988404154777527e-07, 1.639126736563412e-07]
[1.7999993562698364, 5.988404154777527e-07, 1.7136325425326504e-07]
[1.7999993562698364, 5.988404154777527e-07, 1.7136325425326504e-07]
[1.7999993562698364, 5.988404154777527e-07, 1.7136325425326504e-07]
[1.7999993562698364, 5.988404154777527e-07, 1.7136325425326504e-07]
[1.8399993181228638, 6.137415766716003e-07, 1.7881383485018887e-07]
[1.8399993181228638, 6.137415766716003e-07, 1.7881383485018887e-07]
[1.8399993181228638, 6.137415766716003e-07, 1.7881383485018887e-07]
[1.8799992799758911, 6.137415766716003e-07, 1.862644154471127e-07]
[1.8799992799758911, 6.137415766716003e-07, 1.862644154471127e-07]
[1.8799992799758911, 6.137415766716003e-07, 1.862644154471127e-07]
[1.8999993801116943, 7.478520274162292e-07, 1.9371499604403652e-07]
[1.8999993801116943, 7.478520274162292e-07, 1.9371499604403652e-07]
[1.8999993801116943, 7.478520274162292e-07, 1.9371499604403652e-07]
[1.8999993801116943, 7.478520274162292e-07, 1.9371499604403652e-07]
[1.8999993801116943, 7.478520274162292e-07, 1.9371499604403652e-07]
[1.8999993801116943, 7.478520274162292e-07, 1.9371499604403652e-07]
[1.8999993801116943, 7.478520274162292e-07, 1.9371499604403652e-07]
[1.8999993801116943, 7.478520274162292e-07, 1.9371499604403652e-07]
[1.8999993801116943, 7.478520274162292e-07, 1.9371499604403652e-07]
[1.8999993801116943, 7.478520274162292e-07, 1.9371499604403652e-07]
[1.8999993801116943, 7.478520274162292e-07, 1.9371499604403652e-07]
[1.8999993801116943, 7.478520274162292e-07, 1.9371499604403652e-07]
[1.8999993801116943, 7.478520274162292e-07, 1.9371499604403652e-07]
[1.8999993801116943, 7.478520274162292e-07, 1.9371499604403652e-07]
[1.8999993801116943, 7.478520274162292e-07, 1.9371499604403652e-07]
[1.8999993801116943, 7.478520274162292e-07, 1.9371499604403652e-07]
[1.8999993801116943, 7.478520274162292e-07, 1.9371499604403652e-07]
[1.8999993801116943, 7.478520274162292e-07, 1.9371499604403652e-07]
[1.8999993801116943, 7.478520274162292e-07, 1.9371499604403652e-07]
[1.8999993801116943, 7.478520274162292e-07, 1.9371499604403652e-07]
[1.8999993801116943, 7.478520274162292e-07, 1.9371499604403652e-07]
[1.8999993801116943, 7.478520274162292e-07, 1.9371499604403652e-07]
[1.8999993801116943, 7.478520274162292e-07, 1.9371499604403652e-07]
[1.8999993801116943, 7.478520274162292e-07, 1.9371499604403652e-07]
[1.8999993801116943, 7.478520274162292e-07, 1.9371499604403652e-07]
[1.8999993801116943, 7.478520274162292e-07, 1.9371499604403652e-07]
[1.8999993801116943, 7.478520274162292e-07, 1.9371499604403652e-07]
[1.8999993801116943, 7.478520274162292e-07, 1.9371499604403652e-07]
[1.8999993801116943, 7.478520274162292e-07, 1.9371499604403652e-07]
[1.8999993801116943, 7.478520274162292e-07, 1.9371499604403652e-07]
[1.8999993801116943, 7.478520274162292e-07, 1.9371499604403652e-07]
[1.8999993801116943, 7.478520274162292e-07, 1.9371499604403652e-07]
[1.8999993801116943, 7.478520274162292e-07, 1.9371499604403652e-07]
[1.8999993801116943, 7.478520274162292e-07, 1.9371499604403652e-07]
[1.8999993801116943, 7.478520274162292e-07, 1.9371499604403652e-07]
[1.8999993801116943, 7.478520274162292e-07, 1.9371499604403652e-07]
[1.8999993801116943, 7.478520274162292e-07, 1.9371499604403652e-07]
[1.8999993801116943, 7.478520274162292e-07, 1.9371499604403652e-07]
[1.8999993801116943, 7.478520274162292e-07, 1.9371499604403652e-07]
[1.8999993801116943, 7.478520274162292e-07, 1.9371499604403652e-07]
[1.8999993801116943, 7.478520274162292e-07, 1.9371499604403652e-07]
[1.8999993801116943, 7.478520274162292e-07, 1.9371499604403652e-07]
[1.8999993801116943, 7.478520274162292e-07, 1.9371499604403652e-07]
[1.8999993801116943, 7.478520274162292e-07, 1.9371499604403652e-07]
[1.8999993801116943, 7.478520274162292e-07, 1.9371499604403652e-07]
[1.8999993801116943, 7.478520274162292e-07, 1.9371499604403652e-07]
[1.8999993801116943, 7.478520274162292e-07, 1.9371499604403652e-07]
[1.8999993801116943, 7.478520274162292e-07, 1.9371499604403652e-07]
[1.8999993801116943, 7.478520274162292e-07, 1.9371499604403652e-07]
[1.8999993801116943, 7.478520274162292e-07, 1.9371499604403652e-07]
[1.8999993801116943, 7.478520274162292e-07, 1.9371499604403652e-07]
[1.8999993801116943, 7.478520274162292e-07, 1.9371499604403652e-07]
[1.8999993801116943, 7.478520274162292e-07, 1.9371499604403652e-07]
[1.8999993801116943, 7.478520274162292e-07, 1.9371499604403652e-07]
[1.8999993801116943, 7.478520274162292e-07, 1.9371499604403652e-07]
[1.8999993801116943, 7.478520274162292e-07, 1.9371499604403652e-07]
[1.8999993801116943, 7.478520274162292e-07, 1.9371499604403652e-07]
[1.8999993801116943, 7.478520274162292e-07, 1.9371499604403652e-07]
[1.8999993801116943, 7.478520274162292e-07, 1.9371499604403652e-07]
[1.8999993801116943, 7.478520274162292e-07, 1.9371499604403652e-07]
[1.8999993801116943, 7.478520274162292e-07, 1.9371499604403652e-07]
[1.8999993801116943, 7.478520274162292e-07, 1.9371499604403652e-07]
[1.8999993801116943, 7.478520274162292e-07, 1.9371499604403652e-07]
[1.8999993801116943, 7.478520274162292e-07, 1.9371499604403652e-07]
[1.8999993801116943, 7.478520274162292e-07, 1.9371499604403652e-07]
[1.8999993801116943, 7.478520274162292e-07, 1.9371499604403652e-07]
[1.8999993801116943, 7.478520274162292e-07, 1.9371499604403652e-07]
[1.8999993801116943, 7.478520274162292e-07, 1.9371499604403652e-07]
[1.8999993801116943, 7.478520274162292e-07, 1.9371499604403652e-07]
[1.8999993801116943, 7.478520274162292e-07, 1.9371499604403652e-07]
[1.8999993801116943, 7.478520274162292e-07, 1.9371499604403652e-07]
[1.8999993801116943, 7.478520274162292e-07, 1.9371499604403652e-07]
[1.8999993801116943, 7.478520274162292e-07, 1.9371499604403652e-07]
[1.8999993801116943, 7.478520274162292e-07, 1.9371499604403652e-07]
[1.8999993801116943, 7.478520274162292e-07, 1.9371499604403652e-07]
[1.8999993801116943, 7.478520274162292e-07, 1.9371499604403652e-07]
[1.8999993801116943, 7.478520274162292e-07, 1.9371499604403652e-07]
[1.8999993801116943, 7.478520274162292e-07, 1.9371499604403652e-07]
[1.8999993801116943, 7.478520274162292e-07, 1.9371499604403652e-07]
[1.8999993801116943, 7.478520274162292e-07, 1.9371499604403652e-07]
[1.8999993801116943, 7.478520274162292e-07, 1.9371499604403652e-07]
[1.8999993801116943, 7.478520274162292e-07, 1.9371499604403652e-07]
[1.8999993801116943, 7.478520274162292e-07, 1.9371499604403652e-07]
[1.8999993801116943, 7.478520274162292e-07, 1.9371499604403652e-07]
[1.8999993801116943, 7.478520274162292e-07, 1.9371499604403652e-07]
[1.8999993801116943, 7.478520274162292e-07, 1.9371499604403652e-07]
[1.8999993801116943, 7.478520274162292e-07, 1.9371499604403652e-07]
[1.8999993801116943, 7.478520274162292e-07, 1.9371499604403652e-07]
[1.8999993801116943, 7.478520274162292e-07, 1.9371499604403652e-07]
[1.8999993801116943, 7.478520274162292e-07, 1.9371499604403652e-07]
[1.8999993801116943, 7.478520274162292e-07, 1.9371499604403652e-07]
[1.8999993801116943, 7.478520274162292e-07, 1.9371499604403652e-07]
[1.8999993801116943, 7.478520274162292e-07, 1.9371499604403652e-07]
[1.8999993801116943, 7.478520274162292e-07, 1.9371499604403652e-07]
[1.8999993801116943, 7.478520274162292e-07, 1.9371499604403652e-07]
[1.8999993801116943, 7.478520274162292e-07, 1.9371499604403652e-07]
[1.8999993801116943, 7.478520274162292e-07, 1.9371499604403652e-07]
[1.8999993801116943, 7.478520274162292e-07, 1.9371499604403652e-07]
[1.8999993801116943, 7.478520274162292e-07, 1.9371499604403652e-07]
[1.8999993801116943, 7.478520274162292e-07, 1.9371499604403652e-07]