[2.8901188373565674, 0.32633957266807556, 0.31476926803588867, -0.013889200985431671, 0.0076819369569420815, 0.08955070376396179]
[-0.009245872497558594, -0.15190792083740234, 1.4434521198272705, 0.269942045211792, -1.3607001304626465, -0.9909219741821289, 0.01222991943359375, 0.2932000160217285, 4.1961669921875e-05, 0.02611994743347168, -0.3420400619506836, 0.8497941493988037, -0.5154659748077393, -0.013764142990112305, 4.1961669921875e-05, -0.018366098403930664, -0.3436579704284668, 0.8529460430145264, -0.5215179920196533, 0.010779857635498047, 1.446603775024414, -0.26695799827575684, 1.3698201179504395, 0.9879379272460938, 0.018366098403930664, 0.2932000160217285]
[2.8917980194091797, 0.3287913501262665, 0.3141655921936035, 0.004210170358419418, 0.014662371017038822, 0.08926960080862045]
[-0.009245872497558594, -0.15190792083740234, 1.4434521198272705, 0.27147603034973145, -1.3607001304626465, -0.9893879890441895, 0.010695934295654297, 0.29280000925064087, 4.1961669921875e-05, 0.024585962295532227, -0.34050607681274414, 0.8497941493988037, -0.5185339450836182, -0.01222991943359375, 4.1961669921875e-05, -0.015298128128051758, -0.3436579704284668, 0.8529460430145264, -0.5245859622955322, 0.009245872497558594, 1.446603775024414, -0.2684919834136963, 1.3698201179504395, 0.9879379272460938, 0.018366098403930664, 0.2932000160217285]
[2.8912193775177, 0.32693028450012207, 0.3143044412136078, 0.002528967335820198, 0.010850475169718266, 0.08985748142004013]
[-0.009245872497558594, -0.15190792083740234, 1.4434521198272705, 0.27147603034973145, -1.3607001304626465, -0.9893879890441895, 0.010695934295654297, 0.2932000160217285, -0.0014920234680175781, 0.024585962295532227, -0.3389720916748047, 0.8497941493988037, -0.5185339450836182, -0.015298128128051758, -0.0014920234680175781, -0.009161949157714844, -0.3405900001525879, 0.8529460430145264, -0.5230519771575928, 0.0015759468078613281, 1.4481382369995117, -0.2684919834136963, 1.3698201179504395, 0.9879379272460938, 0.018366098403930664, 0.29360002279281616]
[2.891519784927368, 0.3245546519756317, 0.3142308294773102, -0.0003880290314555168, 0.011171222664415836, 0.08964010328054428]
[-0.009245872497558594, -0.15190792083740234, 1.4434521198272705, 0.27147603034973145, -1.3607001304626465, -0.9909219741821289, 0.01222991943359375, 0.2932000160217285, -0.0014920234680175781, 0.03685808181762695, -0.3389720916748047, 0.8497941493988037, -0.5185339450836182, -0.029103994369506836, -0.0014920234680175781, 0.007711887359619141, -0.3405900001525879, 0.8529460430145264, -0.5245859622955322, -0.013764142990112305, 1.446603775024414, -0.2684919834136963, 1.3698201179504395, 0.9879379272460938, 0.018366098403930664, 0.2932000160217285]
[2.8914172649383545, 0.32113179564476013, 0.31420382857322693, -0.005607678089290857, 0.008577927947044373, 0.08925962448120117]
[-0.009245872497558594, -0.15190792083740234, 1.4434521198272705, 0.27147603034973145, -1.3607001304626465, -0.9893879890441895, 0.010695934295654297, 0.2932000160217285, -0.0014920234680175781, 0.052197933197021484, -0.33743810653686523, 0.8497941493988037, -0.5185339450836182, -0.042910099029541016, -0.0014920234680175781, 0.02611994743347168, -0.33905601501464844, 0.8529460430145264, -0.5245859622955322, -0.029103994369506836, 1.446603775024414, -0.2684919834136963, 1.3698201179504395, 0.9879379272460938, 0.018366098403930664, 0.2932000160217285]
[2.8911659717559814, 0.3168410062789917, 0.3140615224838257, -0.007855965755879879, 0.0021450016647577286, 0.08956511318683624]
[-0.009245872497558594, -0.15190792083740234, 1.4434521198272705, 0.27147603034973145, -1.3607001304626465, -0.9909219741821289, 0.010695934295654297, 0.29280000925064087, 4.1961669921875e-05, 0.07367396354675293, -0.3328361511230469, 0.8497941493988037, -0.5185339450836182, -0.06438612937927246, 4.1961669921875e-05, 0.052197933197021484, -0.3344540596008301, 0.8529460430145264, -0.5245859622955322, -0.05364799499511719, 1.446603775024414, -0.2684919834136963, 1.3698201179504395, 0.9879379272460938, 0.018366098403930664, 0.2932000160217285]
[2.8909342288970947, 0.3068051338195801, 0.313223659992218, -0.009283164516091347, -0.00912778452038765, 0.08836507052183151]
[-0.009245872497558594, -0.15190792083740234, 1.4434521198272705, 0.27147603034973145, -1.3607001304626465, -0.9893879890441895, 0.01222991943359375, 0.29280000925064087, 4.1961669921875e-05, 0.127363920211792, -0.3220980167388916, 0.8497941493988037, -0.5185339450836182, -0.11807608604431152, 4.1961669921875e-05, 0.107421875, -0.32218194007873535, 0.8498780727386475, -0.5245859622955322, -0.1058039665222168, 1.446603775024414, -0.2684919834136963, 1.3698201179504395, 0.9879379272460938, 0.018366098403930664, 0.2932000160217285]
[2.8946480751037598, 0.2983470559120178, 0.31184515357017517, 0.0014646202325820923, -0.006779415998607874, 0.08646766096353531]
[-0.009245872497558594, -0.15190792083740234, 1.4465200901031494, 0.27147603034973145, -1.3714380264282227, -0.9464361667633057, 0.010695934295654297, 0.29280000925064087, 0.0031099319458007812, 0.17798590660095215, -0.3481760025024414, 0.8958139419555664, -0.5492138862609863, -0.1579599380493164, 0.0031099319458007812, 0.1595778465270996, -0.3083760738372803, 0.8406739234924316, -0.5276541709899902, -0.16102814674377441, 1.4496722221374512, -0.2684919834136963, 1.383626103401184, 0.9311800003051758, 0.018366098403930664, 0.2932000160217285]
[2.9006590843200684, 0.2947525382041931, 0.3113214075565338, 0.015242097899317741, 0.001696704188361764, 0.08605837821960449]
[-0.009245872497558594, -0.16878199577331543, 1.595318078994751, 0.23772811889648438, -1.4143900871276855, -0.7869000434875488, 0.009161949157714844, 0.29280000925064087, 0.0061779022216796875, 0.15804386138916016, -0.6043541431427002, 1.2455661296844482, -0.6228458881378174, -0.18557214736938477, 0.0061779022216796875, 0.16264605522155762, -0.29303598403930664, 0.8422079086303711, -0.5552661418914795, -0.1779019832611084, 1.6000041961669922, -0.26389002799987793, 1.4296460151672363, 0.7639739513397217, 0.01222991943359375, 0.2932000160217285]
[2.905289649963379, 0.3113362491130829, 0.3109988272190094, 0.0058139353059232235, -0.007833732292056084, 0.0947934240102768]
[-0.009245872497558594, -0.16878199577331543, 1.6444060802459717, 0.2561359405517578, -1.4788179397583008, -0.6396360397338867, 0.007627964019775391, 0.29280000925064087, 0.010779857635498047, 0.08748006820678711, -0.4985079765319824, 0.9188239574432373, -0.42035794258117676, -0.09199810028076172, 0.010779857635498047, 0.09514999389648438, -0.24701595306396484, 0.8406739234924316, -0.5920820236206055, -0.1088719367980957, 1.662898063659668, -0.23321008682250977, 1.4741320610046387, 0.6351180076599121, 0.01222991943359375, 0.2932000160217285]
[2.9109137058258057, 0.3294399678707123, 0.31115663051605225, 0.0016076717292889953, -0.03156469389796257, 0.08395186066627502]
[-0.009245872497558594, -0.17184996604919434, 1.762524127960205, 0.24233007431030273, -1.4818859100341797, -0.5721399784088135, 0.007627964019775391, 0.29280000925064087, 0.007711887359619141, -0.027570009231567383, -0.43561410903930664, 0.9295620918273926, -0.47251391410827637, 0.024585962295532227, 0.007711887359619141, -0.0014920234680175781, -0.16571402549743652, 0.8268680572509766, -0.6350340843200684, 4.1961669921875e-05, 1.7672100067138672, -0.24394798278808594, 1.4894720315933228, 0.5522818565368652, 0.009161949157714844, 0.2932000160217285]
[2.916288137435913, 0.3540748655796051, 0.3128322660923004, -0.024685803800821304, -0.02389027550816536, 0.09329935163259506]
[-0.009245872497558594, -0.18719005584716797, 1.765592098236084, 0.2592041492462158, -1.4834198951721191, -0.5614020824432373, 0.0060939788818359375, 0.29280000925064087, 0.0015759468078613281, -0.09506607055664062, -0.3711860179901123, 0.8896780014038086, -0.49552392959594727, 0.11969399452209473, 0.0015759468078613281, -0.09813404083251953, -0.37740588188171387, 1.1244640350341797, -0.7286081314086914, 0.10895586013793945, 1.78715181350708, -0.21786999702453613, 1.4956080913543701, 0.5001258850097656, -4.1961669921875e-05, 0.2932000160217285]
[2.926447868347168, 0.35894837975502014, 0.31324347853660583, -0.030912971124053, -0.02101663313806057, 0.09916450083255768]
[-0.009245872497558594, -0.18565607070922852, 1.762524127960205, 0.2469320297241211, -1.4849538803100586, -0.5660040378570557, 0.0060939788818359375, 0.29280000925064087, 0.0123138427734375, -0.10426998138427734, -0.2990880012512207, 0.857464075088501, -0.5461459159851074, 0.13503408432006836, 0.0123138427734375, -0.1318819522857666, -0.5660879611968994, 1.0508317947387695, -0.4693620204925537, 0.1304318904876709, 1.8653860092163086, -0.24394798278808594, 1.4971420764923096, 0.4817180633544922, 0.004559993743896484, 0.2932000160217285]
[2.936103582382202, 0.3437724709510803, 0.31177595257759094, 0.003498913487419486, -0.029906218871474266, 0.08883734792470932]
[-0.009245872497558594, -0.18565607070922852, 1.7594560384750366, 0.2530679702758789, -1.4849538803100586, -0.5844120979309082, 0.0060939788818359375, 0.29280000925064087, 0.01691603660583496, -0.07665801048278809, -0.2438640594482422, 0.8467259407043457, -0.5936999320983887, 0.07060599327087402, 0.01691603660583496, -0.06592011451721191, -0.49552392959594727, 0.902033805847168, -0.3819241523742676, 0.06447005271911621, 1.866919994354248, -0.23627805709838867, 1.4971420764923096, 0.45410585403442383, 0.0030260086059570312, 0.2932000160217285]
[2.946385622024536, 0.32551684975624084, 0.31211647391319275, 0.0001832160633057356, -0.029309922829270363, 0.07780192792415619]
[-0.009245872497558594, -0.18565607070922852, 1.7594560384750366, 0.24846601486206055, -1.4849538803100586, -0.5828781127929688, 0.0060939788818359375, 0.29280000925064087, 0.015382051467895508, 0.024585962295532227, -0.16563010215759277, 0.7961039543151855, -0.6289820671081543, -0.03063797950744629, 0.015382051467895508, 0.03992605209350586, -0.44643592834472656, 0.9112381935119629, -0.4463520050048828, -0.03984212875366211, 1.8853278160095215, -0.24241399765014648, 1.4971420764923096, 0.44950389862060547, 0.0030260086059570312, 0.2932000160217285]
[2.961030960083008, 0.3090333044528961, 0.3139646053314209, 0.035222526639699936, -0.019870050251483917, 0.0869988426566124]
[-0.009245872497558594, -0.16571402549743652, 1.7947380542755127, 0.24233007431030273, -1.4849538803100586, -0.5107800960540771, 0.004559993743896484, 0.29280000925064087, 4.1961669921875e-05, 0.1043539047241211, -0.4831681251525879, 1.1826720237731934, -0.7118179798126221, -0.12114405632019043, 4.1961669921875e-05, 0.0844118595123291, -0.3559298515319824, 0.8728880882263184, -0.49697399139404297, -0.11961007118225098, 1.8592500686645508, -0.260822057723999, 1.4971420764923096, 0.5016598701477051, 0.004559993743896484, 0.2932000160217285]
[2.9718663692474365, 0.3118865191936493, 0.31383997201919556, 0.037041015923023224, -0.034345593303442, 0.07754908502101898]
[-0.009245872497558594, -0.1795198917388916, 1.8499621152877808, 0.24846601486206055, -1.486487865447998, -0.46782803535461426, 0.004559993743896484, 0.2932000160217285, 0.0123138427734375, 0.11355805397033691, -0.5383920669555664, 0.9449019432067871, -0.39734792709350586, -0.11347413063049316, 0.0123138427734375, 0.07213997840881348, -0.27616190910339355, 0.8544800281524658, -0.5521979331970215, -0.1088719367980957, 1.8040261268615723, -0.23627805709838867, 1.4910061359405518, 0.5768260955810547, 0.004559993743896484, 0.2932000160217285]
[2.9807748794555664, 0.33046582341194153, 0.3122067451477051, 0.00571285979822278, -0.027759568765759468, 0.08512167632579803]
[-0.009245872497558594, -0.1795198917388916, 1.9788180589675903, 0.24846601486206055, -1.486487865447998, -0.37578797340393066, 0.0030260086059570312, 0.2932000160217285, 0.010779857635498047, -0.01222991943359375, -0.46169209480285645, 0.9065520763397217, -0.4326300621032715, 0.004643917083740234, 0.010779857635498047, -0.007627964019775391, -0.19179201126098633, 0.8268680572509766, -0.6150920391082764, 0.0015759468078613281, 1.7043161392211914, -0.2454819679260254, 1.4910061359405518, 0.6427879333496094, 0.0060939788818359375, 0.2932000160217285]
[2.9913768768310547, 0.3542572855949402, 0.31265515089035034, -0.01386871188879013, -0.005946561694145203, 0.08696011453866959]
[-0.009245872497558594, -0.17491793632507324, 1.974216103553772, 0.23466014862060547, -1.4880218505859375, -0.4049339294433594, 0.004559993743896484, 0.2932000160217285, -0.0060939788818359375, -0.07512402534484863, -0.400331974029541, 0.891211986541748, -0.48325204849243164, 0.09208202362060547, -0.0060939788818359375, -0.1088719367980957, -0.29917192459106445, 0.9940738677978516, -0.6948599815368652, 0.09361600875854492, 1.693577766418457, -0.24088001251220703, 1.4910061359405518, 0.6443219184875488, 0.0060939788818359375, 0.2932000160217285]
[3.0082345008850098, 0.3601471483707428, 0.31368565559387207, -0.024633726105093956, 0.010688896290957928, 0.08828902989625931]
[-0.007711887359619141, -0.1795198917388916, 1.8714380264282227, 0.26534008979797363, -1.4880218505859375, -0.4954400062561035, 0.004559993743896484, 0.29280000925064087, 4.1961669921875e-05, -0.0827939510345459, -0.31749606132507324, 0.8497941493988037, -0.5430779457092285, 0.107421875, 4.1961669921875e-05, -0.11654210090637207, -0.5829620361328125, 1.172018051147461, -0.5736739635467529, 0.12429594993591309, 1.7825498580932617, -0.23627805709838867, 1.4956080913543701, 0.527738094329834, 0.010695934295654297, 0.2932000160217285]
[3.015498638153076, 0.34850963950157166, 0.31218221783638, 0.004303310066461563, -0.009224990382790565, 0.08938540518283844]
[-0.009245872497558594, -0.16878199577331543, 1.7640581130981445, 0.2438640594482422, -1.486487865447998, -0.6043541431427002, 0.0014920234680175781, 0.2932000160217285, 0.0015759468078613281, -0.03984212875366211, -0.2239220142364502, 0.8329200744628906, -0.604438066482544, 0.0353238582611084, 0.0015759468078613281, -0.042910099029541016, -0.48632001876831055, 0.9189081192016602, -0.4172060489654541, 0.03992605209350586, 1.8791918754577637, -0.24241399765014648, 1.501744031906128, 0.4157559871673584, 0.0030260086059570312, 0.2932000160217285]
[3.0283961296081543, 0.33077117800712585, 0.31172987818717957, 0.004605536814779043, -0.024760335683822632, 0.08506003767251968]
[-0.009245872497558594, -0.17031598091125488, 1.7149701118469238, 0.24539804458618164, -1.486487865447998, -0.6319661140441895, 0.0030260086059570312, 0.29280000925064087, 0.004643917083740234, 0.04606199264526367, -0.13801813125610352, 0.7930359840393066, -0.6458559036254883, -0.047512054443359375, 0.004643917083740234, 0.04452800750732422, -0.42035794258117676, 0.9219760894775391, -0.480100154876709, -0.04904603958129883, 1.9543581008911133, -0.23781204223632812, 1.501744031906128, 0.3866100311279297, 0.004559993743896484, 0.2932000160217285]
[3.0443801879882812, 0.3180508613586426, 0.31368857622146606, 0.03061191365122795, 0.006130550056695938, 0.09307868033647537]
[-0.009245872497558594, -0.16571402549743652, 1.745650053024292, 0.23619413375854492, -1.486487865447998, -0.5859460830688477, 0.0030260086059570312, 0.29280000925064087, -0.004559993743896484, 0.11816000938415527, -0.43868207931518555, 1.1657980680465698, -0.7409639358520508, -0.1257460117340088, -0.004559993743896484, 0.08287787437438965, -0.3497939109802246, 0.8682861328125, -0.5215179920196533, -0.11347413063049316, 1.926745891571045, -0.27309393882751465, 1.498676061630249, 0.44643592834472656, 0.010695934295654297, 0.2932000160217285]
[3.05759334564209, 0.3240967094898224, 0.3131885826587677, 0.030638989061117172, -0.009432654827833176, 0.08240800350904465]
[-0.009245872497558594, -0.17491793632507324, 1.8116121292114258, 0.2438640594482422, -1.4880218505859375, -0.477031946182251, 0.0030260086059570312, 0.2932000160217285, 0.009245872497558594, 0.1043539047241211, -0.5184500217437744, 0.9264941215515137, -0.4019498825073242, -0.09199810028076172, 0.009245872497558594, 0.056799888610839844, -0.25315189361572266, 0.84527587890625, -0.5890140533447266, -0.08739614486694336, 1.8255019187927246, -0.2224719524383545, 1.4756660461425781, 0.5630199909210205, 0.0030260086059570312, 0.2932000160217285]
[3.0643703937530518, 0.3435900807380676, 0.3118513524532318, 0.007622558157891035, -0.016878200694918633, 0.08711346983909607]
[-0.009245872497558594, -0.17491793632507324, 1.9665460586547852, 0.2469320297241211, -1.489555835723877, -0.38345813751220703, 0.0014920234680175781, 0.29280000925064087, 0.004643917083740234, -0.0060939788818359375, -0.45095396041870117, 0.9188239574432373, -0.4556400775909424, 0.007711887359619141, 0.004643917083740234, -0.013764142990112305, -0.1795198917388916, 0.8238000869750977, -0.63043212890625, 0.004643917083740234, 1.7288599014282227, -0.2516179084777832, 1.4756660461425781, 0.6289820671081543, 0.0060939788818359375, 0.2932000160217285]
[3.0726869106292725, 0.36308157444000244, 0.31296050548553467, -0.01847447268664837, 0.0002910970360971987, 0.08339634537696838]
[-0.009245872497558594, -0.17798590660095215, 1.9604101181030273, 0.2438640594482422, -1.489555835723877, -0.4033999443054199, 0.0030260086059570312, 0.29280000925064087, -0.009161949157714844, -0.07665801048278809, -0.3819241523742676, 0.8896780014038086, -0.5016598701477051, 0.09514999389648438, -0.009161949157714844, -0.12114405632019043, -0.29303598403930664, 1.0017437934875488, -0.7163360118865967, 0.10281991958618164, 1.7012481689453125, -0.24088001251220703, 1.4879380464553833, 0.6289820671081543, 0.010695934295654297, 0.2932000160217285]
[3.0882277488708496, 0.36725911498069763, 0.3134091794490814, -0.027667876332998276, 0.009053378365933895, 0.09148649871349335]
[-0.009245872497558594, -0.18105387687683105, 1.859166145324707, 0.24846601486206055, -1.489555835723877, -0.5123140811920166, 0.0014920234680175781, 0.29280000925064087, 0.004643917083740234, -0.07819199562072754, -0.30062198638916016, 0.8497941493988037, -0.561486005783081, 0.10588788986206055, 0.004643917083740234, -0.12727999687194824, -0.5783600807189941, 1.1305999755859375, -0.556800127029419, 0.12582993507385254, 1.799424171447754, -0.23934602737426758, 1.4940741062164307, 0.5123980045318604, 0.004559993743896484, 0.2932000160217285]
[3.095799207687378, 0.35318508744239807, 0.31182941794395447, 0.004076408687978983, -0.01295314822345972, 0.08996111154556274]
[-0.009245872497558594, -0.17491793632507324, 1.7579220533370972, 0.25153398513793945, -1.489555835723877, -0.610490083694458, 0.0014920234680175781, 0.29280000925064087, 0.0015759468078613281, -0.02143406867980957, -0.19937801361083984, 0.8283181190490723, -0.6228458881378174, 0.02151799201965332, 0.0015759468078613281, -0.03063797950744629, -0.467911958694458, 0.9265780448913574, -0.440216064453125, 0.027653932571411133, 1.9052700996398926, -0.24701595306396484, 1.498676061630249, 0.39427995681762695, 0.0030260086059570312, 0.2932000160217285]
[3.113565683364868, 0.3322642743587494, 0.3116389513015747, 0.007592187728732824, 0.005591892637312412, 0.09084761887788773]
[-0.009245872497558594, -0.18105387687683105, 1.6950280666351318, 0.25, -1.489555835723877, -0.6442379951477051, 0.0014920234680175781, 0.29280000925064087, -0.0014920234680175781, 0.09975194931030273, -0.16869807243347168, 0.8221821784973145, -0.6673319339752197, -0.08739614486694336, -0.0014920234680175781, 0.07367396354675293, -0.41115403175354004, 0.9143061637878418, -0.5077121257781982, -0.08125996589660645, 1.9528241157531738, -0.23934602737426758, 1.5002100467681885, 0.3958139419555664, 0.0030260086059570312, 0.2932000160217285]
[3.128938913345337, 0.3246842324733734, 0.31373506784439087, 0.03522070124745369, 0.013164169155061245, 0.09192822873592377]
[-0.009245872497558594, -0.1795198917388916, 1.7717280387878418, 0.24539804458618164, -1.489555835723877, -0.5460619926452637, -4.1961669921875e-05, 0.2932000160217285, -0.0014920234680175781, 0.1334998607635498, -0.5491299629211426, 1.2271580696105957, -0.6811380386352539, -0.1288139820098877, -0.0014920234680175781, 0.0813438892364502, -0.3114440441131592, 0.8514120578765869, -0.5521979331970215, -0.11654210090637207, 1.9037361145019531, -0.26389002799987793, 1.4956080913543701, 0.48018407821655273, 0.007627964019775391, 0.2932000160217285]
[3.134359121322632, 0.3344825804233551, 0.3117544651031494, 0.0018607234815135598, -0.011309807188808918, 0.09281407296657562]
[-0.009245872497558594, -0.1795198917388916, 1.8453600406646729, 0.2438640594482422, -1.489555835723877, -0.4524879455566406, 0.0014920234680175781, 0.29280000925064087, 0.007711887359619141, 0.0844118595123291, -0.4923720359802246, 0.91115403175354, -0.4126880168914795, -0.0827939510345459, 0.007711887359619141, 0.052197933197021484, -0.2224719524383545, 0.8330039978027344, -0.6058881282806396, -0.07512402534484863, 1.8009581565856934, -0.23627805709838867, 1.4772000312805176, 0.581428050994873, 0.0030260086059570312, 0.2932000160217285]
[3.1460659503936768, 0.35557106137275696, 0.31137245893478394, 0.00761360814794898, -0.014490490779280663, 0.08757685124874115]
[-0.009245872497558594, -0.1795198917388916, 1.9634780883789062, 0.2469320297241211, -1.489555835723877, -0.3880600929260254, -4.1961669921875e-05, 0.2932000160217285, 0.0031099319458007812, -0.024502038955688477, -0.42947816848754883, 0.9280281066894531, -0.4847860336303711, 0.03072190284729004, 0.0031099319458007812, -0.038308143615722656, -0.14270401000976562, 0.8007900714874268, -0.6457719802856445, 0.03072190284729004, 1.7211899757385254, -0.24088001251220703, 1.4772000312805176, 0.6320500373840332, 0.0030260086059570312, 0.2932000160217285]
[3.1547086238861084, 0.3722410500049591, 0.31344541907310486, -0.026202645152807236, 0.00893024168908596, 0.08149651437997818]
[-0.009245872497558594, -0.15497589111328125, 1.9420020580291748, 0.2668740749359131, -1.489555835723877, -0.42487597465515137, 0.0014920234680175781, 0.29280000925064087, -0.010695934295654297, -0.07512402534484863, -0.35584592819213867, 0.8758721351623535, -0.5216019153594971, 0.10128593444824219, -0.010695934295654297, -0.11194014549255371, -0.3728039264678955, 1.112192153930664, -0.740880012512207, 0.11662602424621582, 1.7181220054626465, -0.2255399227142334, 1.4864040613174438, 0.5768260955810547, 0.0030260086059570312, 0.2932000160217285]
[3.1697146892547607, 0.3753077983856201, 0.3133503794670105, -0.03684026747941971, 0.015667906031012535, 0.09182929247617722]
[-0.009245872497558594, -0.1595778465270996, 1.8376901149749756, 0.23772811889648438, -1.489555835723877, -0.5245859622955322, 0.0014920234680175781, 0.29280000925064087, 0.0061779022216796875, -0.06898808479309082, -0.2822141647338867, 0.8451919555664062, -0.5829620361328125, 0.10588788986206055, 0.0061779022216796875, -0.12421202659606934, -0.5630199909210205, 1.0769100189208984, -0.5245859622955322, 0.11662602424621582, 1.8040261268615723, -0.23934602737426758, 1.4940741062164307, 0.507796049118042, 0.0030260086059570312, 0.2932000160217285]
[3.179636001586914, 0.3582654595375061, 0.31134113669395447, 0.0001361768809147179, -0.005925030447542667, 0.08972088247537613]
[-0.009245872497558594, -0.16724801063537598, 1.7502521276474, 0.2530679702758789, -1.489555835723877, -0.610490083694458, -4.1961669921875e-05, 0.29280000925064087, 0.0015759468078613281, -0.018366098403930664, -0.18557214736938477, 0.8237161636352539, -0.6366519927978516, 0.02151799201965332, 0.0015759468078613281, -0.03523993492126465, -0.4617760181427002, 0.9327139854431152, -0.46169209480285645, 0.03072190284729004, 1.9052700996398926, -0.23934602737426758, 1.5002100467681885, 0.38814401626586914, 0.0030260086059570312, 0.29360002279281616]
[3.192401170730591, 0.33843719959259033, 0.31115999817848206, 0.012193204835057259, 0.0035994809586554766, 0.09170559793710709]
[-0.009245872497558594, -0.16724801063537598, 1.704232096672058, 0.24846601486206055, -1.489555835723877, -0.647305965423584, -4.1961669921875e-05, 0.2932000160217285, -0.0030260086059570312, 0.11202406883239746, -0.17023205757141113, 0.8528621196746826, -0.6888079643249512, -0.0858621597290039, -0.0030260086059570312, 0.07213997840881348, -0.40041589736938477, 0.925044059753418, -0.5261199474334717, -0.08432793617248535, 1.949756145477295, -0.23627805709838867, 1.5002100467681885, 0.40041589736938477, 0.0030260086059570312, 0.2932000160217285]
[3.2027642726898193, 0.3323122262954712, 0.31315088272094727, 0.030617672950029373, 0.007654635701328516, 0.09325241297483444]
[-0.009245872497558594, -0.17184996604919434, 1.762524127960205, 0.24539804458618164, -1.489555835723877, -0.5675380229949951, -4.1961669921875e-05, 0.2932000160217285, -0.004559993743896484, 0.13196587562561035, -0.480100154876709, 1.213352084159851, -0.7363619804382324, -0.1257460117340088, -0.004559993743896484, 0.08287787437438965, -0.3237159252166748, 0.8682861328125, -0.5491299629211426, -0.11347413063049316, 1.920609951019287, -0.2715599536895752, 1.4971420764923096, 0.46024203300476074, 0.010695934295654297, 0.2932000160217285]
[3.2118372917175293, 0.33739978075027466, 0.3130739629268646, 0.033706970512866974, -0.009411578997969627, 0.08238384127616882]
[-0.009245872497558594, -0.18105387687683105, 1.8116121292114258, 0.24539804458618164, -1.489555835723877, -0.48163414001464844, 0.0014920234680175781, 0.2932000160217285, 0.009245872497558594, 0.11202406883239746, -0.5123140811920166, 0.9372320175170898, -0.41115403175354004, -0.09660005569458008, 0.009245872497558594, 0.05526590347290039, -0.2485499382019043, 0.8468098640441895, -0.5951499938964844, -0.08893013000488281, 1.8316378593444824, -0.2224719524383545, 1.4756660461425781, 0.5599520206451416, 0.0030260086059570312, 0.2932000160217285]
[3.2179715633392334, 0.35754328966140747, 0.31189876794815063, 0.008279778063297272, -0.01709326170384884, 0.08713026344776154]
[-0.009245872497558594, -0.1733839511871338, 1.9650120735168457, 0.2469320297241211, -1.489555835723877, -0.38959407806396484, -0.0015759468078613281, 0.2932000160217285, 0.004643917083740234, -0.018366098403930664, -0.43868207931518555, 0.9218921661376953, -0.46944594383239746, 0.027653932571411133, 0.004643917083740234, -0.033705949783325195, -0.16111207008361816, 0.8115279674530029, -0.6350340843200684, 0.023051977157592773, 1.719655990600586, -0.24088001251220703, 1.4756660461425781, 0.6335840225219727, 0.0030260086059570312, 0.2932000160217285]
[3.226562023162842, 0.3762998878955841, 0.3128420114517212, -0.018475310876965523, 0.0013540692161768675, 0.0822732225060463]
[-0.009245872497558594, -0.1764519214630127, 1.951206088066101, 0.26534008979797363, -1.489555835723877, -0.420274019241333, -4.1961669921875e-05, 0.29280000925064087, -0.010695934295654297, -0.07359004020690918, -0.36658406257629395, 0.877406120300293, -0.5093300342559814, 0.09821796417236328, -0.010695934295654297, -0.11194014549255371, -0.36513400077819824, 1.0983858108520508, -0.7393460273742676, 0.11355805397033691, 1.7135200500488281, -0.22707390785217285, 1.4894720315933228, 0.5829620361328125, 0.0030260086059570312, 0.2932000160217285]
[3.2441108226776123, 0.38089653849601746, 0.31353577971458435, -0.03378867357969284, 0.009558900259435177, 0.0925280898809433]
[-0.009245872497558594, -0.17184996604919434, 1.8315540552139282, 0.22852396965026855, -1.4910898208618164, -0.5307221412658691, -0.0015759468078613281, 0.29280000925064087, 0.0061779022216796875, -0.06745409965515137, -0.2868161201477051, 0.8467259407043457, -0.5737578868865967, 0.10128593444824219, 0.0061779022216796875, -0.1257460117340088, -0.5691559314727783, 1.0569682121276855, -0.4985079765319824, 0.11509203910827637, 1.8086280822753906, -0.24088001251220703, 1.4956080913543701, 0.49552392959594727, 0.0060939788818359375, 0.2932000160217285]
[3.254030704498291, 0.36472266912460327, 0.31172385811805725, -8.48430790938437e-05, -0.008347578346729279, 0.08965443819761276]
[-0.009245872497558594, -0.16878199577331543, 1.7533200979232788, 0.25460195541381836, -1.489555835723877, -0.6120240688323975, -0.0015759468078613281, 0.29280000925064087, 4.1961669921875e-05, -0.01683211326599121, -0.19477605819702148, 0.8267841339111328, -0.6289820671081543, 0.02151799201965332, 4.1961669921875e-05, -0.033705949783325195, -0.4648439884185791, 0.925044059753418, -0.44481801986694336, 0.027653932571411133, 1.906804084777832, -0.2454819679260254, 1.5002100467681885, 0.38507604598999023, 0.0060939788818359375, 0.2932000160217285]
[3.2682788372039795, 0.34670618176460266, 0.3115297853946686, 0.007606992032378912, 0.009727862663567066, 0.09216628223657608]
[-0.009245872497558594, -0.18105387687683105, 1.6980960369110107, 0.25, -1.489555835723877, -0.6427040100097656, -4.1961669921875e-05, 0.2932000160217285, -0.0030260086059570312, 0.09975194931030273, -0.16256213188171387, 0.8191139698028564, -0.6750020980834961, -0.0827939510345459, -0.0030260086059570312, 0.07060599327087402, -0.40808606147766113, 0.9158401489257812, -0.5153820514678955, -0.07819199562072754, 1.9558920860290527, -0.23781204223632812, 1.5002100467681885, 0.39734792709350586, 0.0030260086059570312, 0.2932000160217285]
[3.280505418777466, 0.3381572961807251, 0.3136405050754547, 0.03677011653780937, 0.014206387102603912, 0.0930536761879921]
[-0.009245872497558594, -0.1795198917388916, 1.7717280387878418, 0.2438640594482422, -1.489555835723877, -0.5475959777832031, -0.0015759468078613281, 0.2932000160217285, 4.1961669921875e-05, 0.1365680694580078, -0.5460619926452637, 1.221022129058838, -0.6888079643249512, -0.12727999687194824, 4.1961669921875e-05, 0.07980990409851074, -0.3068418502807617, 0.8544800281524658, -0.556800127029419, -0.11807608604431152, 1.8991341590881348, -0.2684919834136963, 1.498676061630249, 0.4817180633544922, 0.010695934295654297, 0.2932000160217285]
[3.290208339691162, 0.34403398633003235, 0.31320327520370483, 0.03829002380371094, -0.006810226943343878, 0.08361667394638062]
[-0.009245872497558594, -0.1795198917388916, 1.8162140846252441, 0.24539804458618164, -1.489555835723877, -0.4724299907684326, -0.0015759468078613281, 0.29280000925064087, 0.007711887359619141, 0.11202406883239746, -0.5031099319458008, 0.9188239574432373, -0.4096200466156006, -0.09660005569458008, 0.007711887359619141, 0.05066394805908203, -0.23934602737426758, 0.8422079086303711, -0.6012859344482422, -0.08893013000488281, 1.8255019187927246, -0.22400593757629395, 1.4756660461425781, 0.56455397605896, 0.0030260086059570312, 0.2932000160217285]
[3.2975471019744873, 0.365657240152359, 0.31164300441741943, 0.009360890835523605, -0.011610325425863266, 0.0871356800198555]
[-0.009245872497558594, -0.18105387687683105, 1.9650120735168457, 0.24539804458618164, -1.4910898208618164, -0.38959407806396484, -0.0015759468078613281, 0.29280000925064087, 0.0031099319458007812, -0.022968053817749023, -0.4310121536254883, 0.9280281066894531, -0.48325204849243164, 0.033789873123168945, 0.0031099319458007812, -0.04137611389160156, -0.14577198028564453, 0.7992560863494873, -0.6457719802856445, 0.03072190284729004, 1.7150540351867676, -0.23934602737426758, 1.4756660461425781, 0.6351180076599121, 0.0030260086059570312, 0.2932000160217285]
[3.307473659515381, 0.3864974081516266, 0.31366166472435, -0.029270600527524948, 0.00890636071562767, 0.08147148787975311]
[-0.009245872497558594, -0.17031598091125488, 1.9496721029281616, 0.26534008979797363, -1.4910898208618164, -0.43254613876342773, -0.0015759468078613281, 0.29280000925064087, -0.010695934295654297, -0.07359004020690918, -0.3573801517486572, 0.8743381500244141, -0.5185339450836182, 0.10281991958618164, -0.010695934295654297, -0.11347413063049316, -0.3758718967437744, 1.1137261390686035, -0.7378120422363281, 0.11355805397033691, 1.7150540351867676, -0.2286078929901123, 1.4879380464553833, 0.56455397605896, 0.0030260086059570312, 0.2932000160217285]
[3.3224127292633057, 0.3891119956970215, 0.31351780891418457, -0.04145489260554314, 0.007024840451776981, 0.09380654245615005]
[-0.009245872497558594, -0.17031598091125488, 1.8300200700759888, 0.23466014862060547, -1.4910898208618164, -0.5322561264038086, -4.1961669921875e-05, 0.2932000160217285, 0.007711887359619141, -0.06285214424133301, -0.27454400062561035, 0.8467259407043457, -0.584496021270752, 0.1043539047241211, 0.007711887359619141, -0.12421202659606934, -0.5522818565368652, 1.0400938987731934, -0.49697399139404297, 0.11202406883239746, 1.8070940971374512, -0.24088001251220703, 1.4956080913543701, 0.5185339450836182, 0.004559993743896484, 0.2932000160217285]
[3.3295066356658936, 0.3740314245223999, 0.31183138489723206, 0.001908753765746951, -0.007841713726520538, 0.08877278864383698]
[-0.009245872497558594, -0.1764519214630127, 1.7594560384750366, 0.24846601486206055, -1.489555835723877, -0.610490083694458, -0.0031099319458007812, 0.2932000160217285, 0.007711887359619141, -0.02603602409362793, -0.20244598388671875, 0.8252501487731934, -0.6274480819702148, 0.033789873123168945, 0.007711887359619141, -0.052114009857177734, -0.4786500930786133, 0.9265780448913574, -0.440216064453125, 0.042994022369384766, 1.8960661888122559, -0.23627805709838867, 1.5002100467681885, 0.4065520763397217, 0.004559993743896484, 0.2932000160217285]
[3.341172933578491, 0.3550589084625244, 0.3113724887371063, 0.006097438279539347, -0.012035362422466278, 0.08448775857686996]
[-0.009245872497558594, -0.1764519214630127, 1.707300066947937, 0.24233007431030273, -1.4910898208618164, -0.6365680694580078, -0.0015759468078613281, 0.2932000160217285, 0.0061779022216796875, 0.09208202362060547, -0.12114405632019043, 0.7776961326599121, -0.6673319339752197, -0.07512402534484863, 0.0061779022216796875, 0.06293606758117676, -0.40808606147766113, 0.9235100746154785, -0.5077121257781982, -0.06898808479309082, 1.9543581008911133, -0.23934602737426758, 1.5002100467681885, 0.39121198654174805, 0.004559993743896484, 0.2932000160217285]
[3.3543589115142822, 0.3463255763053894, 0.31333330273628235, 0.03212544694542885, 2.801328264467884e-05, 0.09239811450242996]
[-0.009245872497558594, -0.17798590660095215, 1.762524127960205, 0.2438640594482422, -1.4910898208618164, -0.5660040378570557, -0.0031099319458007812, 0.2932000160217285, -0.004559993743896484, 0.12582993507385254, -0.47856616973876953, 1.201080083847046, -0.734827995300293, -0.11961007118225098, -0.004559993743896484, 0.07827591896057129, -0.32218194007873535, 0.8698201179504395, -0.5445280075073242, -0.11040592193603516, 1.9129400253295898, -0.26389002799987793, 1.4971420764923096, 0.46024203300476074, 0.01222991943359375, 0.29360002279281616]
[3.363243341445923, 0.3529303967952728, 0.31357651948928833, 0.036764781922101974, -0.008349874056875706, 0.08352644741535187]
[-0.009245872497558594, -0.18105387687683105, 1.8131461143493652, 0.24846601486206055, -1.4910898208618164, -0.480100154876709, -0.0015759468078613281, 0.29280000925064087, 0.007711887359619141, 0.1043539047241211, -0.5230519771575928, 0.9341640472412109, -0.4050178527832031, -0.08432793617248535, 0.007711887359619141, 0.03992605209350586, -0.25928807258605957, 0.8498780727386475, -0.5874800682067871, -0.07665801048278809, 1.8331718444824219, -0.2316758632659912, 1.478734016418457, 0.5584180355072021, 0.0030260086059570312, 0.2932000160217285]
[3.369610071182251, 0.3754810690879822, 0.3122577667236328, 0.009338878095149994, -0.0068498458713293076, 0.08959709107875824]
[-0.009245872497558594, -0.17798590660095215, 1.9604101181030273, 0.24846601486206055, -1.4910898208618164, -0.3880600929260254, -0.0031099319458007812, 0.2932000160217285, 4.1961669921875e-05, -0.042910099029541016, -0.45095396041870117, 0.9126880168914795, -0.4510378837585449, 0.05526590347290039, 4.1961669921875e-05, -0.06285214424133301, -0.18105387687683105, 0.8130619525909424, -0.6258301734924316, 0.04912996292114258, 1.716588020324707, -0.24241399765014648, 1.478734016418457, 0.6335840225219727, 0.0030260086059570312, 0.2932000160217285]
[3.3758461475372314, 0.3989032506942749, 0.31350359320640564, -0.026163505390286446, 0.003309623571112752, 0.08318532258272171]
[-0.009245872497558594, -0.17798590660095215, 1.9435360431671143, 0.2561359405517578, -1.4910898208618164, -0.41567206382751465, -0.0031099319458007812, 0.29280000925064087, -0.009161949157714844, -0.11194014549255371, -0.38959407806396484, 0.8682019710540771, -0.4755818843841553, 0.13810205459594727, -0.009161949157714844, -0.1548919677734375, -0.31911396980285645, 1.055434226989746, -0.7439479827880859, 0.15190792083740234, 1.7135200500488281, -0.2286078929901123, 1.4894720315933228, 0.5890979766845703, 0.0060939788818359375, 0.2932000160217285]
[3.3822312355041504, 0.40499985218048096, 0.31374937295913696, -0.03381985425949097, 0.0029240737203508615, 0.09179768711328506]
[-0.009245872497558594, -0.1795198917388916, 1.842292070388794, 0.22852396965026855, -1.4910898208618164, -0.5307221412658691, -0.0031099319458007812, 0.2932000160217285, 0.004643917083740234, -0.13034796714782715, -0.3512439727783203, 0.8436579704284668, -0.49859189987182617, 0.16418004035949707, 0.004643917083740234, -0.17943596839904785, -0.41728997230529785, 1.0063457489013672, -0.6058881282806396, 0.17798590660095215, 1.7978901863098145, -0.24241399765014648, 1.4971420764923096, 0.5185339450836182, 0.0060939788818359375, 0.2932000160217285]
[3.3811209201812744, 0.3979656994342804, 0.3130496144294739, -0.002048711758106947, -0.008900914341211319, 0.0907144546508789]
[-0.009245872497558594, -0.1795198917388916, 1.748718023300171, 0.2469320297241211, -1.489555835723877, -0.6135580539703369, -0.0031099319458007812, 0.29280000925064087, 0.004643917083740234, -0.13341593742370605, -0.33743810653686523, 0.8405900001525879, -0.5047280788421631, 0.14270401000976562, 0.004643917083740234, -0.14722204208374023, -0.3559298515319824, 0.8575479984283447, -0.4862360954284668, 0.13963603973388672, 1.909872055053711, -0.24701595306396484, 1.5002100467681885, 0.38507604598999023, 0.009161949157714844, 0.2932000160217285]
[3.3857243061065674, 0.39059698581695557, 0.31375664472579956, -0.010818018577992916, 0.0009207496768794954, 0.09134173393249512]
[-0.009245872497558594, -0.1795198917388916, 1.7410480976104736, 0.2438640594482422, -1.4910898208618164, -0.5736739635467529, -0.0031099319458007812, 0.2932000160217285, 0.0031099319458007812, -0.07819199562072754, -0.3389720916748047, 0.8513281345367432, -0.5154659748077393, 0.08748006820678711, 0.0031099319458007812, -0.0858621597290039, -0.35132789611816406, 0.8514120578765869, -0.49390602111816406, 0.07367396354675293, 1.9221439361572266, -0.24088001251220703, 1.5002100467681885, 0.4556400775909424, 0.0060939788818359375, 0.2932000160217285]
[3.386220693588257, 0.3806454837322235, 0.31434470415115356, -0.0062187607400119305, -0.0006108576199039817, 0.09155942499637604]
[-0.009245872497558594, -0.1795198917388916, 1.7747961282730103, 0.24079608917236328, -1.4910898208618164, -0.550663948059082, -0.0015759468078613281, 0.29280000925064087, 0.0031099319458007812, -0.0367741584777832, -0.33743810653686523, 0.8482601642608643, -0.5123980045318604, 0.042994022369384766, 0.0031099319458007812, -0.038308143615722656, -0.3497939109802246, 0.8560140132904053, -0.49697399139404297, 0.03225588798522949, 1.8976001739501953, -0.24701595306396484, 1.5002100467681885, 0.4817180633544922, 0.007627964019775391, 0.2932000160217285]
[3.3860623836517334, 0.377819299697876, 0.3143131732940674, -0.0031541541684418917, -0.002150187501683831, 0.09161923080682755]
[-0.009245872497558594, -0.1795198917388916, 1.7870681285858154, 0.24079608917236328, -1.489555835723877, -0.536858081817627, -0.0015759468078613281, 0.2932000160217285, 0.0031099319458007812, -0.02603602409362793, -0.33743810653686523, 0.8482601642608643, -0.5123980045318604, 0.03072190284729004, 0.0031099319458007812, -0.024502038955688477, -0.34519195556640625, 0.8544800281524658, -0.4985079765319824, 0.02151799201965332, 1.8761239051818848, -0.2454819679260254, 1.5002100467681885, 0.4970579147338867, 0.0060939788818359375, 0.2932000160217285]
[3.386890172958374, 0.3766052722930908, 0.31431931257247925, -0.004683021456003189, 0.0020001244265586138, 0.09046713262796402]
[-0.009245872497558594, -0.1795198917388916, 1.7947380542755127, 0.24233007431030273, -1.4910898208618164, -0.5307221412658691, -0.0015759468078613281, 0.29280000925064087, 0.0015759468078613281, -0.01683211326599121, -0.3389720916748047, 0.8497941493988037, -0.5139319896697998, 0.02151799201965332, 0.0015759468078613281, -0.01683211326599121, -0.3436579704284668, 0.8514120578765869, -0.4985079765319824, 0.013848066329956055, 1.8745899200439453, -0.24394798278808594, 1.5002100467681885, 0.49859189987182617, 0.0060939788818359375, 0.2932000160217285]
[3.386751651763916, 0.3751768469810486, 0.31442371010780334, -0.004684991668909788, 0.000466707453597337, 0.0905122309923172]
[-0.009245872497558594, -0.1795198917388916, 1.7978060245513916, 0.24233007431030273, -1.4910898208618164, -0.5276541709899902, -0.0015759468078613281, 0.29280000925064087, 0.0015759468078613281, -0.009161949157714844, -0.33743810653686523, 0.8482601642608643, -0.5123980045318604, 0.013848066329956055, 0.0015759468078613281, -0.009161949157714844, -0.3436579704284668, 0.8514120578765869, -0.4985079765319824, 0.0061779022216796875, 1.8684539794921875, -0.2454819679260254, 1.5002100467681885, 0.5001258850097656, 0.0060939788818359375, 0.2932000160217285]