1.49752640724 0.22374945879 0.314694464207 0.997122578816 -0.00778948056221 0.000721988991937 0.0754013629896 0.00264456525616 0 0
0.015965217223 0.369424940922 0.354242772857 0.99700391932 0.0193069207568 -0.072751629142 0.0178221246828 -0.146355553092 0 0
0.00263738665865 0.367097998811 0.326667636246 0.998552408511 0.0177916611059 -0.0447756134714 0.0239100123251 -0.0904921620534 0 0
-1943445711 -0.010162655264139175 0.01783258095383644 0.24179372191429138 0.022370554506778717 -0.42397525906562805 0.05459480360150337 1.063388705253601 0.10538086295127869 -11.812236785888672
1.49824309349 0.22666311264 0.314060240984 0.997073627189 0.00209235400235 0.00364229394282 0.0763317608491 0.00702578853765 0 0
0.0203005985106 0.369379311845 0.359327585834 0.995680251394 0.0209100124136 -0.0886165746862 0.0181854627799 -0.178264436444 0 0
0.00508131588196 0.367446646206 0.333373025318 0.998364253253 0.0179617934428 -0.0491304780098 0.0230735331593 -0.0991889201246 0 0
-1943445600 -0.007478062529116869 0.02626926079392433 0.24121849238872528 0.031691618263721466 0.0878843143582344 0.0023968450259417295 0.5556445717811584 0.08622070401906967 -10.39438533782959
1.4985294342 0.225078985095 0.314142286777 0.997089309954 -0.000273345048963 0.00372720367239 0.0761507794438 0.00756211287977 0 0
0.0203005985106 0.369379311845 0.359327585834 0.995680251394 0.0209100124136 -0.0886165746862 0.0181854627799 -0.178264436444 0 0
0.00508131588196 0.367446646206 0.333373025318 0.998364253253 0.0179617934428 -0.0491304780098 0.0230735331593 -0.0991889201246 0 0
-1943445477 -0.005177323240786791 0.029528919607400894 0.2419854700565338 -0.02183792181313038 -0.041545312851667404 0.002130528911948204 0.4981640875339508 0.16286133229732513 -10.748847961425781
1.49871885777 0.222424134612 0.314157217741 0.997103088305 -0.00120832613536 0.00320269472405 0.0759849589567 0.00664726118453 0 0
0.0203005985106 0.369379311845 0.359327585834 0.995680251394 0.0209100124136 -0.0886165746862 0.0181854627799 -0.178264436444 0 0
0.00508131588196 0.367446646206 0.333373025318 0.998364253253 0.0179617934428 -0.0491304780098 0.0230735331593 -0.0991889201246 0 0
-1943445359 -0.009779278188943863 0.02588588371872902 0.24236896634101868 -0.04926848039031029 0.03328951448202133 -0.0002663161139935255 0.43110352754592896 0.05748046934604645 -10.73926830291748
1.49899196625 0.2193030864 0.314051091671 0.997115495794 -0.00182703654632 0.00257236304896 0.075833587107 0.00546991812428 0 0
0.0270885065919 0.370616264744 0.365521804101 0.994350889852 0.0225240193879 -0.102218155533 0.0176188842257 -0.205615465595 0 0
0.00819235303203 0.367922590822 0.340279714661 0.99807488394 0.0183237385147 -0.0549297198582 0.0222146917878 -0.110787655337 0 0
-1943445247 -0.016490284353494644 0.028953853994607925 0.24275246262550354 -0.022370554506778717 0.007456851191818714 -0.005858954507857561 0.4885840117931366 -0.09580078721046448 -10.825489044189453
1.49904036522 0.215125277638 0.313989400864 0.997136052107 -0.00374981047049 -0.000128125512108 0.0755355286916 0.000314560217883 0 0
0.0270885065919 0.370616264744 0.365521804101 0.994350889852 0.0225240193879 -0.102218155533 0.0176188842257 -0.205615465595 0 0
0.00819235303203 0.367922590822 0.340279714661 0.99807488394 0.0183237385147 -0.0549297198582 0.0222146917878 -0.110787655337 0 0
-1943445128 -0.022242847830057144 0.02511865273118019 0.24332770705223083 -0.02636529505252838 -0.050333745777606964 0.006391586735844612 0.4981640875339508 -0.15328125655651093 -10.585987091064453
1.49969553947 0.206031903625 0.313421189785 0.997170854974 -0.0050869764767 -0.00442548028071 0.07486537107 -0.00815580753191 0 0
0.0288231589807 0.37250037288 0.374810647349 0.994824858608 0.0225580735994 -0.0988300309155 0.00687451824323 -0.198251788833 0 0
0.0112883482336 0.368597116246 0.347748852591 0.997826380099 0.0186314709468 -0.0599323442433 0.020087249235 -0.120732068234 0 0
-1943445016 -0.03585654869675636 0.016298595815896988 0.24447819590568542 -0.08735168725252151 -0.05060006305575371 0.006657903082668781 0.32572266459465027 -0.4981640875339508 -10.7680082321167
1.50448143482 0.197025686502 0.312012434006 0.997124276449 1.83529314119e-05 -0.000794075654154 0.0757795910781 -0.00160479769196 0 0
0.0287419487658 0.372953764511 0.378783922056 0.99491544225 0.0225523614094 -0.0981405295268 0.00175790551807 -0.196626988175 0 0
0.0141377858793 0.369276855406 0.355066162086 0.997583612417 0.0189225131993 -0.0645236448516 0.0174806746624 -0.129829557427 0 0
-1943444894 -0.047745052725076675 0.011312786489725113 0.24754615128040314 0.08761800080537796 0.055926382541656494 0.01091896090656519 0.2395019680261612 -0.5652246475219727 -10.844649314880371
1.50991082191 0.191164240241 0.311337649822 0.996724336193 0.00816861967851 0.00316903962726 0.0803979382872 0.00506943231592 0 0
0.0287419487658 0.372953764511 0.378783922056 0.99491544225 0.0225523614094 -0.0981405295268 0.00175790551807 -0.196626988175 0 0
0.0141377858793 0.369276855406 0.355066162086 0.997583612417 0.0189225131993 -0.0645236448516 0.0174806746624 -0.129829557427 0 0
-1943444786 -0.03624040260910988 0.005560700315982103 0.23661653697490692 -0.41358891129493713 0.06897587329149246 0.030892670154571533 2.203418016433716 4.713398456573486 -10.729687690734863
1.51657450199 0.199627742171 0.311376094818 0.996253728896 0.012244426066 -0.00154928278597 0.0855931154577 -0.00526008477279 0 0
0.02956374284 0.373535873436 0.38121115362 0.994969816745 0.0225193947157 -0.0976031599677 -0.00125051650756 -0.195414004053 0 0
0.0168649205083 0.369976279228 0.362037072628 0.997341374991 0.0192063771676 -0.0687412166755 0.0146949629604 -0.138169598925 0 0
-1943444663 0.022434409707784653 0.011121097952127457 0.24025975167751312 0.205862358212471 -0.23382554948329926 -0.12650015950202942 2.2704787254333496 -0.5652246475219727 -10.777587890625
1.51809000969 0.2212639153 0.310391962528 0.995761777695 0.00311242606994 -0.0141137106135 0.0908272979751 -0.0291577430319 0 0
0.0313197728362 0.37466615833 0.383817180588 0.995038113093 0.0228328563107 -0.0968074396545 -0.00247664953957 -0.193759607535 0 0
0.0195898132154 0.37076123001 0.368696542544 0.997100320957 0.0195328688951 -0.0725683769135 0.0119686110881 -0.145730869123 0 0
-1943444555 0.03067987784743309 0.004410092253237963 0.23182284832000732 0.2918824553489685 -0.3419498801231384 -0.16165387630462646 0.2778222858905792 0.6227051019668579 -9.771679878234863
1.52003455162 0.246464788914 0.310818910599 0.994795716489 -0.00262809617473 -0.0151208112066 0.100727040232 -0.0301718675129 0 0
0.0313197728362 0.37466615833 0.383817180588 0.995038113093 0.0228328563107 -0.0968074396545 -0.00247664953957 -0.193759607535 0 0
0.0195898132154 0.37076123001 0.368696542544 0.997100320957 0.0195328688951 -0.0725683769135 0.0119686110881 -0.145730869123 0 0
-1943444443 0.04486912116408348 -0.0046021300368011 0.23028887808322906 -0.256462424993515 0.3118561804294586 0.34860777854919434 -0.7951465249061584 0.17244140803813934 -10.116562843322754
1.53018498421 0.256795704365 0.312985122204 0.992989222034 -0.0124238485766 -0.00654567365668 0.117367828072 -0.0103694565295 0 0
0.0313197728362 0.37466615833 0.383817180588 0.995038113093 0.0228328563107 -0.0968074396545 -0.00247664953957 -0.193759607535 0 0
0.0195898132154 0.37076123001 0.368696542544 0.997100320957 0.0195328688951 -0.0725683769135 0.0119686110881 -0.145730869123 0 0
-1943444321 -0.04256803169846535 -0.01169651374220848 0.22952188551425934 -0.13395699858665466 0.06471481919288635 -0.5427522659301758 -1.8393750190734863 -2.835703134536743 -12.981006622314453
1.54064166546 0.247369289398 0.311987787485 0.992000383272 0.00323735319643 -0.0167840449247 0.125072199021 -0.035216902832 0 0
0.0296325265526 0.373898785978 0.383185436816 0.995027215775 0.0225597093043 -0.0969628346989 -0.00317931901035 -0.194044354303 0 0
0.0218779280713 0.371387561902 0.374651477888 0.996855760499 0.019822745884 -0.0761437251268 0.00936934514622 -0.152792551315 0 0
-1943444190 -0.07305557280778885 -0.018407996743917465 0.1378665268421173 0.31025826930999756 -0.005592638626694679 -0.49428272247314453 2.845283269882202 -1.1496094465255737 -10.806328773498535
1.55775976181 0.228014186025 0.312314540148 0.992261097249 0.00164571006994 -0.0130650897802 0.123468659804 -0.0271653898624 0 0
0.0279243149471 0.373536573603 0.381869081905 0.995112314986 0.0219864589111 -0.0962105145701 -0.00340779600322 -0.19252952138 0 0
0.0237524862696 0.371915560941 0.379855909686 0.99662001442 0.0200406562039 -0.079363575325 0.00695283169696 -0.159149354176 0 0
-1943444081 -0.08149272948503494 -0.0038348992820829153 0.12540292739868164 -0.003728425595909357 0.0878843143582344 -0.034621093422174454 0.2490820437669754 -0.5173242688179016 -10.126143455505371
1.57137489319 0.213906630874 0.314031600952 0.990161636788 0.0188205535231 -0.00686477999848 0.13848680296 -0.0195568722568 0 0
0.0279243149471 0.373536573603 0.381869081905 0.995112314986 0.0219864589111 -0.0962105145701 -0.00340779600322 -0.19252952138 0 0
0.0237524862696 0.371915560941 0.379855909686 0.99662001442 0.0200406562039 -0.079363575325 0.00695283169696 -0.159149354176 0 0
-1943443969 -0.026460949331521988 0.004410092253237963 0.07516506314277649 0.08468852192163467 -0.18482337892055511 -0.18269285559654236 -1.7052539587020874 0.08622070401906967 -9.67587947845459
1.5814088583 0.213342443109 0.313471525908 0.987921795793 0.0209453586514 -0.0176188796492 0.152516859486 -0.0432127483535 0 0
0.0377132051259 0.362122770082 0.384442685881 0.995066286281 0.0144709775005 -0.0963458038411 -0.0187393382837 -0.19253976469 0 0
0.0266741193173 0.370971223378 0.384839882393 0.996410147684 0.0192949189405 -0.082380080949 0.00283653975782 -0.165026693082 0 0
-1943443838 0.021667655557394028 -0.014764484018087387 0.0776577815413475 0.007989482954144478 -0.04767058417201042 -0.12436962872743607 1.3986914157867432 1.4849121570587158 -9.129815101623535
1.58818638325 0.236234381795 0.311724841595 0.986609943279 0.00585567719883 -0.0138900798923 0.162399496761 -0.0309449432302 0 0
0.0377132051259 0.362122770082 0.384442685881 0.995066286281 0.0144709775005 -0.0963458038411 -0.0187393382837 -0.19253976469 0 0
0.029344658773 0.370081664644 0.389291119813 0.996193521424 0.0186239841456 -0.085150992665 -0.000961007055845 -0.170444204029 0 0
-1943443709 0.025119002908468246 -0.013422664254903793 0.05675728991627693 0.35420042276382446 0.04554005712270737 -0.18375812470912933 0.6801855564117432 0.6418652534484863 -10.49976634979248
1.59349358082 0.259892821312 0.311926603317 0.986007849906 -0.00453578639786 -0.00348188490767 0.166600789444 -0.00566982174584 0 0
0.0377132051259 0.362122770082 0.384442685881 0.995066286281 0.0144709775005 -0.0963458038411 -0.0187393382837 -0.19253976469 0 0
0.029344658773 0.370081664644 0.389291119813 0.996193521424 0.0186239841456 -0.085150992665 -0.000961007055845 -0.170444204029 0 0
-1943443587 0.03624027594923973 0.01438075676560402 0.05675728991627693 0.1685781031847 0.7014766335487366 0.6817692518234253 -1.4657520055770874 -2.0597169399261475 -15.280224800109863
1.60949015617 0.272997111082 0.313806593418 0.982513894264 -0.0163410437384 0.00838210583075 0.185281294712 0.024186028402 0 0
0.0432254958885 0.352763386063 0.38498306989 0.99494403467 0.00854975135816 -0.0953731489034 -0.0302858398408 -0.190782863812 0 0
0.0324650764508 0.36807659616 0.393308611058 0.995988768246 0.017271617575 -0.0875977705325 -0.00589027603753 -0.175203278926 0 0
-1943443466 -0.011504951864480972 0.014956299215555191 0.023009711876511574 -0.27643612027168274 -0.18162758648395538 -0.6109291911125183 0.1245410218834877 0.7472461462020874 -11.649375915527344
1.62309205532 0.264696955681 0.312670767307 0.980161714768 0.000622408450317 0.000868673503146 0.198196546179 0.00158031960473 0 0
0.0437851169511 0.351115289765 0.385063857052 0.994982901564 0.0076619080362 -0.0944413400064 -0.0321115875926 -0.188967095625 0 0
0.0353813749378 0.365998713093 0.396860832451 0.995783636999 0.0159280027537 -0.0897084924755 -0.0106598964103 -0.179332350542 0 0
-1943443358 -0.037390533834695816 0.02473527565598488 -0.05790777504444122 -0.06418218463659286 -0.01997370831668377 -0.3720436096191406 -0.7568262219429016 1.7244141101837158 -4.378096103668213
1.64336192608 0.249365180731 0.312084704638 0.979768472184 0.00325041494748 -0.00189352545544 0.200098951216 -0.00544745995182 0 0
0.0437851169511 0.351115289765 0.385063857052 0.994982901564 0.0076619080362 -0.0944413400064 -0.0321115875926 -0.188967095625 0 0
0.0353813749378 0.365998713093 0.396860832451 0.995783636999 0.0159280027537 -0.0897084924755 -0.0106598964103 -0.179332350542 0 0
-1943443235 -0.059058014303445816 0.0024927298072725534 -0.06768690049648285 0.039148468524217606 0.01571265049278736 0.009853696450591087 0.20118165016174316 -1.8393750190734863 -11.2470121383667
1.66103196144 0.238899707794 0.313799858093 0.976511001814 0.0184453893811 0.00861544469536 0.214503624817 0.00981756626045 0 0
0.0369728791378 0.357956108114 0.378726668139 0.996901490575 0.0149100792877 -0.0761500649706 -0.0128947753281 -0.152088668685 0 0
0.0371824312475 0.364917107333 0.399175579551 0.995801252463 0.0156137059537 -0.0893091270768 -0.0126474345361 -0.178489052446 0 0
-1943443107 -0.013614002615213394 0.032405201345682144 -0.10622817277908325 0.04314320906996727 -0.0716390311717987 -0.054861120879650116 -0.09580078721046448 0.5556445717811584 -11.11289119720459
1.66976130009 0.244393095374 0.312847226858 0.97340020743 0.0227081159364 -0.0046296728981 0.2279362713 -0.0216082820692 0 0
0.0366211596334 0.362092258785 0.378253749519 0.997626921278 0.0194242118916 -0.0659446852752 -0.00381109149624 -0.131816523915 0 0
0.0387483339293 0.364428685102 0.401069179218 0.995938501948 0.0158645259488 -0.0876262873308 -0.013283483086 -0.175086984543 0 0
-1943442985 0.03451460227370262 -0.002300914144143462 -0.10795389860868454 -0.05512743443250656 -0.16378441452980042 -0.20852552354335785 0.670605480670929 2.423759937286377 -9.8100004196167
1.67012369633 0.267355144024 0.310855150223 0.97234683797 0.00506553918244 -0.00717613094288 0.233376241609 -0.0183148030964 0 0
0.0366211596334 0.362092258785 0.378253749519 0.997626921278 0.0194242118916 -0.0659446852752 -0.00381109149624 -0.131816523915 0 0
0.0387483339293 0.364428685102 0.401069179218 0.995938501948 0.0158645259488 -0.0876262873308 -0.013283483086 -0.175086984543 0 0
-1943442873 0.03221386298537254 -0.012080367654561996 -0.12425244599580765 0.15126755833625793 -0.029028456658124924 -0.14940333366394043 0.3736230731010437 0.22034180164337158 -10.806328773498535
1.66915750504 0.288603365421 0.311693519354 0.971738493067 -0.00714745727081 -0.00484085286638 0.235902058258 -0.00679206584283 0 0
0.0366211596334 0.362092258785 0.378253749519 0.997626921278 0.0194242118916 -0.0659446852752 -0.00381109149624 -0.131816523915 0 0
0.0387483339293 0.364428685102 0.401069179218 0.995938501948 0.0158645259488 -0.0876262873308 -0.013283483086 -0.175086984543 0 0
-1943442755 0.019366439431905746 0.0026844183448702097 -0.1215679794549942 -0.027164243161678314 0.5880259871482849 0.58989018201828 -1.4657520055770874 -3.2955470085144043 -13.8815336227417
1.68268454075 0.302350074053 0.313726067543 0.96604342002 -0.0174888888664 0.00351645836643 0.257763232293 0.0182314510482 0 0
0.112510280633 0.36609431437 0.402586128293 0.994211419042 0.0212021732043 -0.105326669325 -0.000644069702191 -0.210971646501 0 0
0.0496123021794 0.364477438589 0.405668355368 0.995631131343 0.0163820109566 -0.0909389334297 -0.0134309495215 -0.181721575325 0 0
-1943442624 -0.030104462057352066 0.021475616842508316 -0.17295633256435394 -0.2455434501171112 -0.16990968585014343 -0.8878979086875916 0.6322851777076721 -0.5748047232627869 -7.204218864440918
1.69827961922 0.294591337442 0.311824291945 0.963435069619 0.00157223717649 -0.000966850983605 0.267935551763 -0.00315908812703 0 0
0.133362032139 0.363583759687 0.403649684285 0.991411883454 0.0161487674303 -0.129765276427 0.00163330631215 -0.260283530657 0 0
0.0622513465146 0.364213686561 0.409880042456 0.995060335406 0.0162888221781 -0.0970321981446 -0.0132043817254 -0.19397327187 0 0
-1943442481 -0.036432091146707535 0.011121097952127457 -0.26461169123649597 -0.08655273914337158 -0.05379585549235344 -0.3382214605808258 -0.18202149868011475 -0.03832031413912773 -9.503437995910645
1.73497986794 0.278297871351 0.31330743432 0.958017395866 0.0140124805986 0.00653780577361 0.286292816364 0.00538677366098 0 0
0.143735055697 0.362344573568 0.404459135764 0.989778701659 0.0137673492826 -0.141936329966 0.00163097231044 -0.284852695749 0 0
0.0752132591472 0.363817902705 0.413695551811 0.994347697715 0.0159302659754 -0.104173203955 -0.0129161237178 -0.208348383519 0 0
-1943442251 -0.02511865273118019 0.023776356130838394 -0.3031529486179352 -0.12969595193862915 -0.22636869549751282 -0.008255799300968647 3.592529535293579 1.9447559118270874 -8.066426277160645
1.73962831497 0.286806076765 0.312679499388 0.954169396745 0.0165946976044 -0.00318831643144 0.298789579747 -0.0194770396832 0 0
0.178594889129 0.374805009125 0.405256513484 0.987057813193 0.0349616466028 -0.155572291949 0.0170827005668 -0.313502867716 0 0
0.0915097438031 0.365010270819 0.41713794583 0.99341866342 0.0183530553882 -0.1125454973 -0.0107719805463 -0.225185307707 0 0
-1943442128 -0.00824529305100441 0.0069029969163239 -0.3014272451400757 -0.07057376950979233 -0.1113201379776001 -0.21465079486370087 0.1341211050748825 0.9292676448822021 -11.429033279418945
1.73631978035 0.306933015585 0.311314493418 0.952982553298 0.00643445277361 -0.00898324204423 0.302823632316 -0.0257388902818 0 0
0.195991118133 0.381103758782 0.405990241721 0.985245806815 0.0455758808843 -0.163094992572 0.0247701964677 -0.329766119402 0 0
0.108704164239 0.366911255709 0.420223163288 0.992347700674 0.0219722648862 -0.121254165558 -0.00779024249311 -0.242738968493 0 0
-1943442010 -0.0019171873573213816 -0.010929759591817856 -0.3025777041912079 0.4601942300796509 -0.09906959533691406 -0.32463935017585754 -0.7568262219429016 0.9771680235862732 -11.515254020690918
1.74270772934 0.337507754564 0.313483476639 0.94749158801 -0.015563163881 0.00280178648823 0.319389462212 0.0191577427435 0 0
0.204541330086 0.384262165814 0.40639452562 0.984318291837 0.0508683209938 -0.166464834268 0.0286246960965 -0.337233907689 0 0
0.12559996962 0.369076864526 0.42293370965 0.991202763952 0.0259857714584 -0.129699499763 -0.00445647582731 -0.259830308115 0 0
-1943441809 -0.019174877554178238 0.013038937002420425 -0.3002767562866211 0.055926382541656494 -0.0601874403655529 -0.5869607329368591 0.16286133229732513 -2.596201181411743 -11.9655179977417
1.75470650196 0.336252808571 0.31237924099 0.943039717763 0.00315787022975 -0.00215513530676 0.332658193901 -0.00791815281542 0 0
0.208802340383 0.385844107772 0.406613452397 0.983834229848 0.0535132910564 -0.168146203243 0.030551435235 -0.340992447607 0 0
0.14165194579 0.371288021121 0.425272121385 0.99002584648 0.0300067938272 -0.137649463359 -0.00102022639758 -0.275996883363 0 0
-1943441696 -0.056948963552713394 0.00402671517804265 -0.3917403519153595 0.07110640406608582 -0.18988339602947235 -0.4343615770339966 0.4598437547683716 -0.07664062827825546 -14.916182518005371
1.78064656258 0.332027733326 0.3115863204 0.941418612371 -0.00491119975695 0.00115033198811 0.337202540225 0.00709038528032 0 0
0.208802340383 0.385844107772 0.406613452397 0.983834229848 0.0535132910564 -0.168146203243 0.030551435235 -0.340992447607 0 0
0.14165194579 0.371288021121 0.425272121385 0.99002584648 0.0300067938272 -0.137649463359 -0.00102022639758 -0.275996883363 0 0
-1943441578 -0.068837471306324 0.01840764656662941 -0.41072335839271545 -0.2316950261592865 0.050333745777606964 -0.03675162419676781 -0.30656251311302185 -0.8238867521286011 -10.624306678771973
1.79921770096 0.323760151863 0.313936948776 0.936854920439 0.012341378357 0.0147034910487 0.349191001862 0.0250458491193 0 0
0.208802340383 0.385844107772 0.406613452397 0.983834229848 0.0535132910564 -0.168146203243 0.030551435235 -0.340992447607 0 0
0.14165194579 0.371288021121 0.425272121385 0.99002584648 0.0300067938272 -0.137649463359 -0.00102022639758 -0.275996883363 0 0
-1943441456 -0.03432256355881691 0.06116754189133644 -0.44504618644714355 0.23995082080364227 0.11451593041419983 -0.2727077007293701 2.7878029346466064 1.7531543970108032 -7.453300952911377
1.8082691431 0.333431631327 0.312598973513 0.930425484743 0.0179597418017 -0.000746174216284 0.366040036388 -0.0198552138046 0 0
0.248497711267 0.397186365885 0.410140256534 0.981146202221 0.0541483176228 -0.18323301733 0.0290817971563 -0.371440164056 0 0
0.1613137926 0.374755928919 0.427677737807 0.988588539175 0.0338057718428 -0.146784452786 0.00204802889225 -0.294605466467 0 0
-1943441294 0.023009952157735825 0.018791023641824722 -0.44677191972732544 -0.1089232936501503 -0.030892670154571533 -0.24927188456058502 -0.2299218773841858 0.7568262219429016 -10.068662643432617
1.80277252197 0.353847652674 0.311174154282 0.928863571738 0.0075811421211 -0.00484840177767 0.370312684608 -0.0201460888382 0 0
0.267072678075 0.402427685656 0.411862641291 0.980003755441 0.05383684698 -0.189569438501 0.0275256464964 -0.38410783467 0 0
0.181669177012 0.378626791104 0.42992172341 0.987057527515 0.0372390967738 -0.155909426967 0.00478932458155 -0.313237869922 0 0
-1943441176 0.04410189017653465 0.004793469328433275 -0.44792240858078003 0.44261738657951355 0.001065264455974102 -0.26258769631385803 -1.341210961341858 -0.1341211050748825 -11.390713691711426
1.79806292057 0.374922603369 0.312773376703 0.927895270097 -0.0119702873058 -0.000835487921776 0.372647798751 0.0102049073457 0 0
0.267072678075 0.402427685656 0.411862641291 0.980003755441 0.05383684698 -0.189569438501 0.0275256464964 -0.38410783467 0 0
0.181669177012 0.378626791104 0.42992172341 0.987057527515 0.0372390967738 -0.155909426967 0.00478932458155 -0.313237869922 0 0
-1943441063 0.03796594962477684 0.02588588371872902 -0.4247209429740906 0.14753912389278412 0.8149272799491882 0.8463526368141174 -2.644101619720459 -4.301455497741699 -14.46591854095459
1.80602049828 0.388871133327 0.31396573782 0.920377733906 -0.0216676054299 0.00418977414474 0.390407207409 0.0354184860022 0 0
0.298335564723 0.398519340472 0.415410598816 0.973630396678 0.0512309445047 -0.221794132635 0.0150533623666 -0.448309623771 0 0
0.204220132438 0.381723424885 0.432244384662 0.984915458588 0.0400196733972 -0.168244045433 0.00582291610595 -0.33829482438 0 0
-1943440955 -0.002301041269674897 0.028953853994607925 -0.4578932821750641 -0.3430151641368866 -0.08255799859762192 -0.6322344541549683 -1.542392611503601 -0.2490820437669754 -13.048067092895508
1.81959617138 0.387853235006 0.312099695206 0.915693715198 0.00105549366312 0.00383909644693 0.401857147776 0.00913213752061 0 0
0.29816075013 0.398515966575 0.415326435082 0.973800677654 0.0512112352555 -0.221047315587 0.015090853389 -0.446784096899 0 0
0.224853826783 0.38458014551 0.434188202124 0.982825024599 0.0425488113462 -0.179436279011 0.00686960327266 -0.361089911683 0 0
-1943440834 -0.03374749794602394 0.029528919607400894 -0.5556845664978027 0.1547296643257141 0.24501082301139832 -0.5528722405433655 1.3795312643051147 0.3927832245826721 -8.440049171447754
1.84255611897 0.381559938192 0.312014520168 0.91472889692 0.00475398570775 0.00172312292186 0.404036478064 -0.00102328611973 0 0
0.29816075013 0.398515966575 0.415326435082 0.973800677654 0.0512112352555 -0.221047315587 0.015090853389 -0.446784096899 0 0
0.224853826783 0.38458014551 0.434188202124 0.982825024599 0.0425488113462 -0.179436279011 0.00686960327266 -0.361089911683 0 0
-1943440721 -0.05714065209031105 0.015723053365945816 -0.5673811435699463 -0.205862358212471 -0.02556634694337845 -0.08681905269622803 0.40236330032348633 -1.695673942565918 -10.308164596557617
1.86129009724 0.381207615137 0.313425213099 0.908524747215 0.0114238151829 0.0098749638529 0.417558098033 0.0129053560698 0 0
0.30737672562 0.405075013379 0.403361474955 0.968620392851 0.0340541043912 -0.190651332188 0.155778439014 -0.408090192011 0 0
0.244838838657 0.388027373347 0.434297647522 0.981195759134 0.0430242061866 -0.186406853696 0.0256180568081 -0.377097477453 0 0
-1943440593 -0.03317243233323097 0.04908734932541847 -0.6022792458534241 -0.01810949668288231 -0.10572749376296997 -0.061785340309143066 -1.8872754573822021 0.670605480670929 -10.940449714660645
1.86611092091 0.387489050627 0.312914967537 0.903038851116 0.0188963165696 0.000547274908638 0.429142707132 -0.0241059446826 0 0
0.30737672562 0.405075013379 0.403361474955 0.968620392851 0.0340541043912 -0.190651332188 0.155778439014 -0.408090192011 0 0
0.244838838657 0.388027373347 0.434297647522 0.981195759134 0.0430242061866 -0.186406853696 0.0256180568081 -0.377097477453 0 0
-1943440470 0.01994198188185692 0.005560700315982103 -0.5925000905990601 -0.06844323873519897 -0.05512743443250656 -0.28202876448631287 0.22034180164337158 1.4753321409225464 -11.381133079528809
1.85709452629 0.403743594885 0.311474382877 0.900165103312 0.00685842119384 -0.00703606658752 0.43543798939 -0.0300222684149 0 0
0.30737672562 0.405075013379 0.403361474955 0.968620392851 0.0340541043912 -0.190651332188 0.155778439014 -0.408090192011 0 0
0.244838838657 0.388027373347 0.434297647522 0.981195759134 0.0430242061866 -0.186406853696 0.0256180568081 -0.377097477453 0 0
-1943440362 0.025310691446065903 0.016873661428689957 -0.5909661054611206 0.24527713656425476 -0.3014698326587677 0.028495823964476585 -0.5843847990036011 0.21076172590255737 -11.36197280883789
1.85016775131 0.419904619455 0.31129771471 0.898517285907 0.00163359523768 -0.00926962766466 0.438837204776 -0.0294244502189 0 0
0.416013196623 0.436725125913 0.48115506412 0.950284190907 0.0314841993772 -0.169641052496 0.259211525612 -0.396944298701 0 0
0.276600224127 0.395151446108 0.443909738127 0.979046488865 0.0429477935772 -0.190926523405 0.0563073914146 -0.390193570112 0 0
-1943440239 0.0469781719148159 0.03508979454636574 -0.5869393944740295 -0.06950850784778595 0.6018744111061096 0.531833291053772 -0.5077441334724426 -4.330195426940918 -12.08047866821289
1.85493159294 0.441805511713 0.313661307096 0.890847053555 -0.0185417495962 0.000974084193802 0.453923762162 0.0315738857187 0 0
0.300043411897 0.412115474438 0.386246699533 0.940062142255 0.0259210148942 -0.135410053796 0.311890023914 -0.338625654943 0 0
0.291240906235 0.398665021054 0.440803751557 0.976572839045 0.0409931084367 -0.190381511981 0.0915419848766 -0.394668448487 0 0
-1943440118 -0.0009587446693331003 0.03144628182053566 -0.6036214828491211 -0.08761800080537796 -0.07483483105897903 -0.5494101643562317 -1.1400293111801147 -1.101709008216858 -12.348721504211426
1.86443471909 0.441651850939 0.312149912119 0.886248566361 0.00409637695596 -0.0035397847943 0.463178333087 -0.0176349697622 0 0
0.300043411897 0.412115474438 0.386246699533 0.940062142255 0.0259210148942 -0.135410053796 0.311890023914 -0.338625654943 0 0
0.291240906235 0.398665021054 0.440803751557 0.976572839045 0.0409931084367 -0.190381511981 0.0915419848766 -0.394668448487 0 0
-1943440010 -0.018791023641824722 0.033555809408426285 -0.6945098042488098 0.07297061383724213 0.007456851191818714 -0.3946804702281952 1.55197274684906 1.5711328983306885 -15.241905212402344
1.89684808254 0.441011279821 0.312495052814 0.883143500041 0.00256656254707 0.00414228945619 0.469077618875 0.00876679620048 0 0
0.356839783024 0.444423580995 0.391060096287 0.968599765536 0.059638682976 -0.193409589187 0.144396857675 -0.417502396244 0 0
0.329779154383 0.412590169147 0.43577686015 0.972120036081 0.0463092983772 -0.200162626262 0.113017730385 -0.420234223226 0 0
-1943439839 -0.05790788307785988 0.05388099327683449 -0.7140680551528931 0.01571265049278736 0.22130869328975677 0.005060005933046341 3.333867311477661 -0.019160157069563866 -5.604345798492432
1.91700434685 0.452081978321 0.31302690506 0.869468726202 0.0168324226261 0.00551137182079 0.493670364197 -0.0137262658108 0 0
0.396620961365 0.470852967367 0.394193655875 0.971486958624 0.0835817732422 -0.22106830583 0.0188674471776 -0.447467678604 0 0
0.351268099467 0.422033662767 0.433638132593 0.971037073263 0.0514422638806 -0.207487797332 0.106721646326 -0.434857654328 0 0
-1943439625 0.02262609824538231 0.03278857842087746 -0.7380365133285522 -0.12303804606199265 -0.061785340309143066 -0.34461304545402527 1.1496094465255737 2.212998151779175 -9.608819007873535
1.90561366081 0.466167420149 0.311518967152 0.866807131316 0.00748335311496 -0.00682704479868 0.498540658307 -0.0383585819713 0 0
0.396620961365 0.470852967367 0.394193655875 0.971486958624 0.0835817732422 -0.22106830583 0.0188674471776 -0.447467678604 0 0
0.351268099467 0.422033662767 0.433638132593 0.971037073263 0.0514422638806 -0.207487797332 0.106721646326 -0.434857654328 0 0
-1943439506 0.02281826362013817 0.004793469328433275 -0.7409127354621887 0.5249090790748596 -0.2775014042854309 -0.2852245569229126 -0.15328125655651093 1.9734961986541748 -10.490185737609863
1.89456439018 0.484879672527 0.311715632677 0.865500996323 -0.00401996025896 -0.00906832303699 0.500808976358 -0.0234209269153 0 0
0.390675275088 0.471169613528 0.390076853353 0.960938101816 0.0556179514332 -0.178121845771 0.204394755352 -0.404393189492 0 0
0.369964786976 0.430772561447 0.430959514382 0.968591833596 0.0525831487919 -0.209037661297 0.123968256077 -0.44260907728 0 0
-1943439394 0.04448574408888817 -0.02147596701979637 -0.7288326621055603 -0.05752427875995636 0.5803028345108032 0.5107942819595337 -3.333867311477661 -2.1076173782348633 -18.09676742553711
1.89813756943 0.503370821476 0.31381970644 0.855604971312 -0.0186652886056 -0.00164815638637 0.517290076889 0.0354623418603 0 0
0.416997208159 0.488434653543 0.393169707905 0.976206484512 0.0757950225242 -0.195132201297 0.0565635763937 -0.401536141732 0 0
0.390062906653 0.440955185277 0.428688935677 0.968049735182 0.0564035968687 -0.212062262466 0.121358729854 -0.448971837273 0 0
-1943439266 -0.01783258095383644 -0.002300914144143462 -0.7487744092941284 -0.40480050444602966 -0.22796659171581268 -0.6159891486167908 -0.5843847990036011 0.22034180164337158 -11.409873962402344
1.91215538979 0.50593662262 0.31271764636 0.849294840957 0.00258391437933 0.000939472726396 0.5279116535 -0.00255836619187 0 0
0.416997208159 0.488434653543 0.393169707905 0.976206484512 0.0757950225242 -0.195132201297 0.0565635763937 -0.401536141732 0 0
0.390062906653 0.440955185277 0.428688935677 0.968049735182 0.0564035968687 -0.212062262466 0.121358729854 -0.448971837273 0 0
-1943439144 -0.048320118337869644 0.0069029969163239 -0.8390874862670898 0.02316950261592865 0.34088462591171265 -0.5004079937934875 0.19160157442092896 0.1341211050748825 -5.680986404418945
1.94100260735 0.509354770184 0.312155365944 0.847603511833 0.00106392295352 0.0046953351334 0.530608244022 0.015633994952 0 0
0.432261321141 0.498801925988 0.390011515535 0.954602818052 0.0578111589976 -0.169794574453 0.237825844158 -0.401107744635 0 0
0.410060071357 0.451604165152 0.426028395313 0.965336883324 0.0571550087796 -0.211790624453 0.141431036409 -0.454342142218 0 0
-1943439015 -0.07132989913225174 0.011888328939676285 -0.848483145236969 -0.025300031527876854 0.16325177252292633 0.004261057823896408 2.9698243141174316 0.1341211050748825 -6.658154487609863
1.95726418495 0.51616281271 0.313486397266 0.838567819694 0.0102630859093 0.0150938682669 0.544491373652 0.0347573916385 0 0
0.432261321141 0.498801925988 0.390011515535 0.954602818052 0.0578111589976 -0.169794574453 0.237825844158 -0.401107744635 0 0
0.410060071357 0.451604165152 0.426028395313 0.965336883324 0.0571550087796 -0.211790624453 0.141431036409 -0.454342142218 0 0
-1943438894 -0.017448727041482925 0.02473527565598488 -0.8843399286270142 -0.10492854565382004 -0.23382554948329926 -0.08309062570333481 0.7089257836341858 1.781894564628601 -12.65528392791748
1.95742583275 0.524310648441 0.312766879797 0.831174693636 0.0160810899287 0.00566901340043 0.555749844348 -0.0221047311436 0 0
0.432261321141 0.498801925988 0.390011515535 0.954602818052 0.0578111589976 -0.169794574453 0.237825844158 -0.401107744635 0 0
0.410060071357 0.451604165152 0.426028395313 0.965336883324 0.0571550087796 -0.211790624453 0.141431036409 -0.454342142218 0 0
-1943438781 0.021667655557394028 0.0109294094145298 -0.8810802102088928 -0.1576591432094574 -0.03808320313692093 -0.3001382648944855 0.5748047232627869 2.126777410507202 -9.992021560668945
1.94304299355 0.539477407932 0.311404824257 0.828991155815 0.00999532072995 -0.00617162362476 0.559138326539 -0.0570841429485 0 0
0.444463298799 0.501001738762 0.38859308859 0.917163723444 0.0438111548096 -0.148441523121 0.367227996382 -0.417594050544 0 0
0.429555148678 0.461649379147 0.423232375817 0.960095854789 0.0559420785635 -0.209476194274 0.176652646444 -0.460900246757 0 0
-1943438653 0.02281826362013817 -0.01706570014357567 -0.884723424911499 0.434627890586853 -0.25779399275779724 -0.3243730366230011 -0.7951465249061584 0.9867480993270874 -9.867481231689453
1.93119108677 0.553302228451 0.312184035778 0.827371370056 -0.00502992674549 -0.0083721925141 0.561570318162 -0.0222225104913 0 0
0.458857821559 0.513505374617 0.38837011571 0.907751936026 0.0360985306702 -0.131363757024 0.396770566026 -0.389593705424 0 0
0.448832075267 0.472401140744 0.420470229021 0.95404084293 0.0531153452325 -0.20426652255 0.212744019627 -0.463010126639 0 0
-1943438540 0.03470629081130028 -0.035473521798849106 -0.8567283153533936 0.42211103439331055 0.5906891226768494 0.8359662890434265 -3.0273048877716064 -4.598437786102295 -15.99873161315918
1.93254029751 0.568744540215 0.313707351685 0.817001866905 -0.0161214368627 -0.00373787054393 0.576397499189 0.0371717588707 0 0
0.458857821559 0.513505374617 0.38837011571 0.907751936026 0.0360985306702 -0.131363757024 0.396770566026 -0.389593705424 0 0
0.448832075267 0.472401140744 0.420470229021 0.95404084293 0.0531153452325 -0.20426652255 0.212744019627 -0.463010126639 0 0
-1943438429 0.005368884187191725 -0.025310691446065903 -0.8935438394546509 -0.14674018323421478 -0.1557949334383011 -0.571514368057251 1.7435742616653442 -0.1149609386920929 -7.673643112182617
1.94573414326 0.573164463043 0.312783747911 0.809276271082 0.00182693861634 0.00131921309661 0.587423900634 -3.60130476401e-05 0 0
0.46637133219 0.519253365457 0.388771366996 0.902580931626 0.0326184581473 -0.124095784652 0.410954905414 -0.378114027355 0 0
0.467023833538 0.482949837767 0.417828243977 0.947200430678 0.0496725655649 -0.197668134636 0.247530379757 -0.463044511693 0 0
-1943438311 -0.02070886269211769 0.009395424276590347 -0.9861579537391663 -0.03941478580236435 0.25433188676834106 -0.36325517296791077 -3.2859668731689453 0.7951465249061584 -13.095967292785645
1.97050595284 0.579404890537 0.312524855137 0.807525815809 0.00362337042676 0.00480912666415 0.589801492275 0.0114807416297 0 0
0.505463695986 0.558040302549 0.391778046941 0.947402147958 0.0660518124345 -0.160159519604 0.269100829429 -0.399103126897 0 0
0.488127020212 0.49741690526 0.415633787427 0.943969072314 0.0512023072387 -0.195183786714 0.261158962421 -0.465210536841 0 0
-1943438199 -0.058674637228250504 0.003642861032858491 -0.991718590259552 -0.16458335518836975 0.10279802232980728 -0.002663161139935255 -0.09580078721046448 -2.2417383193969727 -11.36197280883789
1.98703575134 0.589175403118 0.313803434372 0.798896378219 0.0059755467654 0.0186613747105 0.601149418035 0.0816594441338 0 0
0.505463695986 0.558040302549 0.391778046941 0.947402147958 0.0660518124345 -0.160159519604 0.269100829429 -0.399103126897 0 0
0.488127020212 0.49741690526 0.415633787427 0.943969072314 0.0512023072387 -0.195183786714 0.261158962421 -0.465210536841 0 0
-1943438080 -0.0383494533598423 0.01898271217942238 -1.0220147371292114 0.1299622654914856 0.09214537590742111 -0.04767058417201042 1.341210961341858 -0.6418652534484863 -8.775351524353027
1.98879158497 0.598432540894 0.312938392162 0.790370957751 0.0169485105613 0.00768828763556 0.612345807014 -0.034407712692 0 0
0.52612592173 0.574602546619 0.393746805653 0.96130160886 0.0825016997998 -0.176980828143 0.194346270363 -0.407811908911 0 0
0.509618009146 0.512736705251 0.413736035763 0.943003729226 0.0549356516781 -0.194786136702 0.264167374574 -0.467838462726 0 0
-1943437958 -0.00824529305100441 0.008244816213846207 -1.0135778188705444 -0.0348874107003212 -0.1576591432094574 -0.2575276792049408 0.6418652534484863 1.829795002937317 -11.4865140914917
1.97376549244 0.609760940075 0.311426013708 0.78685036823 0.00751828303957 -0.00361862664995 0.617087415994 -0.062731191284 0 0
0.517197531155 0.580044718825 0.389370663166 0.933261370714 0.0726228736021 -0.145575633199 0.320245011174 -0.400092244012 0 0
0.527751057057 0.527436966782 0.411331034642 0.938596167758 0.0566823511576 -0.19028472142 0.282163196983 -0.468853165429 0 0
-1943437826 -0.00019151369633618742 -0.009779151529073715 -1.0145366191864014 0.3014698326587677 -0.3653857111930847 -0.237021341919899 -0.8143066763877869 1.111289143562317 -10.940449714660645
1.95787513256 0.623603880405 0.311466813087 0.785418889939 -0.00268846219407 -0.00954808892596 0.618885105246 -0.0498807145002 0 0
0.517197531155 0.580044718825 0.389370663166 0.933261370714 0.0726228736021 -0.145575633199 0.320245011174 -0.400092244012 0 0
0.527751057057 0.527436966782 0.411331034642 0.938596167758 0.0566823511576 -0.19028472142 0.282163196983 -0.468853165429 0 0
-1943437718 0.01917475089430809 -0.004218752961605787 -1.0037987232208252 0.14008226990699768 0.7696535587310791 0.7150587439537048 1.4082715511322021 0.1341211050748825 -12.645703315734863
1.9556825161 0.643093407154 0.313777774572 0.772991200635 -0.0200514785482 -0.0044692079608 0.634084038696 0.0942856278081 0 0
0.549786640996 0.619151559045 0.39828486031 0.955250000132 0.0997785157382 -0.175425911542 0.216257796632 -0.420976859394 0 0
0.547920284437 0.545738683732 0.41012177237 0.937420470519 0.0619847486875 -0.189443505631 0.28550290814 -0.471946201796 0 0
-1943437596 -0.02185899391770363 0.005369011778384447 -1.0239322185516357 -0.31558459997177124 -0.21811290085315704 -0.5779059529304504 1.302890658378601 -1.456171989440918 -13.210927963256836
1.96942734718 0.649528503418 0.312520056963 0.765630278501 0.00192092631525 0.000732004777291 0.643277584603 -0.00783389332808 0 0
0.57955897735 0.642420907776 0.398689100094 0.962093319226 0.110269274122 -0.188052175435 0.163870410995 -0.42663014408 0 0
0.569614953823 0.565389137416 0.408971204366 0.93793208487 0.0684143639893 -0.190254422736 0.281790939529 -0.475081376422 0 0
-1943437477 -0.06519395858049393 -0.013806041330099106 -1.1165462732315063 0.10546118021011353 0.1318264752626419 -0.4165183901786804 2.0118165016174316 -1.686093807220459 -10.097402572631836
1.99350297451 0.65934997797 0.311742216349 0.763641976469 0.00145717472243 0.00474970048821 0.645620824294 0.0322948392303 0 0
0.57955897735 0.642420907776 0.398689100094 0.962093319226 0.110269274122 -0.188052175435 0.163870410995 -0.42663014408 0 0
0.569614953823 0.565389137416 0.408971204366 0.93793208487 0.0684143639893 -0.190254422736 0.281790939529 -0.475081376422 0 0
-1943437355 -0.07765752822160721 0.007669751066714525 -1.13418710231781 -0.04500742256641388 0.060986388474702835 -0.012783173471689224 1.3986914157867432 -1.55197274684906 -10.432705879211426
2.00971603394 0.670381069183 0.313438802958 0.754103819436 0.00780428208251 0.017754445109 0.656468812947 0.119678617159 0 0
0.57955897735 0.642420907776 0.398689100094 0.962093319226 0.110269274122 -0.188052175435 0.163870410995 -0.42663014408 0 0
0.569614953823 0.565389137416 0.408971204366 0.93793208487 0.0684143639893 -0.190254422736 0.281790939529 -0.475081376422 0 0
-1943437243 -0.02991277351975441 0.024543587118387222 -1.169085144996643 0.18935075402259827 0.18881812691688538 -0.10945592075586319 -1.1783496141433716 -0.5556445717811584 -10.02076244354248
2.01087594032 0.677748858929 0.312718361616 0.746096235348 0.0163691420377 0.0101319450571 0.66555976627 -0.0585204982822 0 0
0.584646518522 0.664346702996 0.395595365974 0.925586448617 0.089186678958 -0.15971648216 0.331400222933 -0.452741943572 0 0
0.589626368449 0.586096107413 0.407444956061 0.933125910434 0.0712664674308 -0.18728669491 0.298531103582 -0.480816706961 0 0
-1943437125 0.006711180787533522 0.02185899391770363 -1.1604565382003784 0.008255799300968647 -0.1691107302904129 -0.09347695857286453 0.3832031488418579 2.2321581840515137 -10.2890043258667
1.99592840672 0.685432136059 0.311365395784 0.741347743894 0.0052081310742 -0.002796253906 0.671095059554 -0.111740252735 0 0
0.584210085512 0.660043786828 0.394391138973 0.892628353949 0.0673564479535 -0.140478121604 0.423017290422 -0.472177274973 0 0
0.607360062515 0.604478799711 0.405811374474 0.925160796577 0.0711203762529 -0.182180561838 0.325314671429 -0.488143523543 0 0
-1943437002 0.009204085916280746 0.016873661428689957 -1.1654419898986816 0.19654129445552826 -0.2737729549407959 -0.0002663161139935255 -0.05748046934604645 0.6227051019668579 -10.729687690734863
1.97674453259 0.697422862053 0.311027020216 0.739672154059 0.000916668581838 -0.00828252840906 0.672915792616 -0.142154484789 0 0
0.584210085512 0.660043786828 0.394391138973 0.892628353949 0.0673564479535 -0.140478121604 0.423017290422 -0.472177274973 0 0
0.607360062515 0.604478799711 0.405811374474 0.925160796577 0.0711203762529 -0.182180561838 0.325314671429 -0.488143523543 0 0
-1943436894 0.04448574408888817 0.006135765928775072 -1.1687016487121582 -0.03009372018277645 0.5720469951629639 0.3406183123588562 1.2837305068969727 1.0825488567352295 -9.67587947845459
1.96987164021 0.712318718433 0.313474863768 0.729714119538 -0.0150841586217 -0.00641521908219 0.683555862289 0.170435177768 0 0
0.583969112476 0.657920795755 0.392968512598 0.872365672969 0.0564512040112 -0.130872915252 0.467614878125 -0.488940764842 0 0
0.622981264967 0.620938228269 0.404057451598 0.915392371307 0.0694755630478 -0.175953062687 0.355345567613 -0.49661855474 0 0
-1943436772 0.009587462991476059 0.03432256355881691 -1.1767550706863403 -0.06205165386199951 -0.13076120615005493 -0.6604639887809753 -0.05748046934604645 -1.580712914466858 -12.521162986755371
1.97942566872 0.720612406731 0.312009721994 0.719484686612 0.00780464879392 -0.00438535933917 0.694450604299 -0.450724015783 0 0
0.583969112476 0.657920795755 0.392968512598 0.872365672969 0.0564512040112 -0.130872915252 0.467614878125 -0.488940764842 0 0
0.622981264967 0.620938228269 0.404057451598 0.915392371307 0.0694755630478 -0.175953062687 0.355345567613 -0.49661855474 0 0
-1943436650 -0.038157764822244644 0.017640892416238785 -1.269369125366211 0.04687163606286049 -0.0950748547911644 -0.3597930669784546 5.24988317489624 -1.2262500524520874 -11.678115844726562
1.99861609936 0.738406896591 0.311548084021 0.716201241543 -0.00659474586506 -0.00145652869915 0.697861139098 0.267466140248 0 0
0.583969112476 0.657920795755 0.392968512598 0.872365672969 0.0564512040112 -0.130872915252 0.467614878125 -0.488940764842 0 0
0.622981264967 0.620938228269 0.404057451598 0.915392371307 0.0694755630478 -0.175953062687 0.355345567613 -0.49661855474 0 0
-1943436532 -0.06212598457932472 0.0224345363676548 -1.282599687576294 -0.17257283627986908 0.05193164199590683 -0.05965480953454971 0.15328125655651093 -1.7627344131469727 -11.294912338256836
2.01733875275 0.747201263905 0.313661813736 0.707353394003 0.00331902983265 0.0191741027983 0.706592183522 1.53872935193 0 0
0.668290522844 0.750286269836 0.41768673434 0.949779127794 0.130944011379 -0.200371352064 0.20155544042 -0.477081124122 0 0
0.647182343364 0.647377770064 0.405462172186 0.916626826563 0.0772192607972 -0.178146881176 0.349422574134 -0.502586365059 0 0
-1943436421 -0.039883438497781754 0.06231767311692238 -1.3144298791885376 -0.029294772073626518 0.05246427282691002 -0.4303668439388275 0.2299218773841858 -0.2299218773841858 -9.005273818969727
2.01895427704 0.756709575653 0.313199967146 0.697132054102 0.0170709416337 0.0108996174877 0.716656598682 -2.81566780339 0 0
0.668290522844 0.750286269836 0.41768673434 0.949779127794 0.130944011379 -0.200371352064 0.20155544042 -0.477081124122 0 0
0.647182343364 0.647377770064 0.405462172186 0.916626826563 0.0772192607972 -0.178146881176 0.349422574134 -0.502586365059 0 0
-1943436298 0.010929759591817856 0.02300960198044777 -1.303883671760559 0.12783172726631165 -0.29028457403182983 0.14354439079761505 0.910107433795929 1.0921289920806885 -10.7680082321167
2.00471067429 0.760671019554 0.31155231595 0.691735175173 0.00359543860167 -0.00282691624423 0.722136779837 -2.93285949949 0 0
0.680609717707 0.756175397706 0.421806954441 0.956682902337 0.139680741159 -0.21085867538 0.144172583877 -0.47186935643 0 0
0.670365580104 0.672279353426 0.407239926631 0.919859205525 0.0859325357105 -0.182039025954 0.336654770271 -0.507048560757 0 0
-1943436189 0.005368884187191725 0.014956299215555191 -1.3113619089126587 0.15393070876598358 -0.027963191270828247 0.38189730048179626 -2.854863405227661 -1.0538086891174316 -13.02890682220459
1.98430776596 0.771025896072 0.311428636312 0.689095943952 0.00343972345934 -0.00997500465671 0.724593298074 -2.78489791468 0 0
0.650448873065 0.79064676829 0.400190575506 0.899303962028 0.110963004156 -0.174511604427 0.385337897839 -0.556433839601 0 0
0.687273535684 0.699276268688 0.406151792261 0.913441055893 0.0898307605718 -0.180544328939 0.353496276009 -0.521320742273 0 0
-1943436077 0.037199195474386215 -0.0107380710542202 -1.3130875825881958 -0.0884169489145279 -0.011185277253389359 0.13688647747039795 4.809199333190918 1.1687695980072021 -5.518125057220459
1.97273361683 0.784889221191 0.313746511936 0.681393609408 -0.0163425337571 -0.00690986248529 0.731702073558 2.93979443736 0 0
0.650448873065 0.79064676829 0.400190575506 0.899303962028 0.110963004156 -0.174511604427 0.385337897839 -0.556433839601 0 0
0.687273535684 0.699276268688 0.406151792261 0.913441055893 0.0898307605718 -0.180544328939 0.353496276009 -0.521320742273 0 0
-1943435959 0.006519492249935865 0.047745052725076675 -1.2950632572174072 -0.05832323059439659 0.17789916694164276 -0.7930893898010254 -1.111289143562317 -0.1341211050748825 -11.084151268005371
1.97384536266 0.79920488596 0.313960283995 0.664921123742 -0.0207968006596 -0.0115308925547 0.746534949484 3.00564338106 0 0
0.636824905144 0.8017765209 0.388556678098 0.848580203478 0.0936838416929 -0.151923748491 0.498050349579 -0.654400684024 0 0
0.700387413159 0.72526899986 0.40364402146 0.901612708628 0.0923314104661 -0.177541669627 0.383468890301 -0.546395263662 0 0
-1943435846 -0.05100471153855324 0.034514252096414566 -1.3924710750579834 -0.09667275100946426 -0.2942793071269989 -0.8077367544174194 1.7627344131469727 -1.0825488567352295 -10.308164596557617
1.99470984936 0.809523582458 0.312018603086 0.664799763593 -0.000372307665197 -0.00108928173673 0.747020715361 -3.13390803617 0 0
0.636824905144 0.8017765209 0.388556678098 0.848580203478 0.0936838416929 -0.151923748491 0.498050349579 -0.654400684024 0 0
0.700387413159 0.72526899986 0.40364402146 0.901612708628 0.0923314104661 -0.177541669627 0.383468890301 -0.546395263662 0 0
-1943435718 -0.05023795738816261 0.030104462057352066 -1.4336968660354614 -0.17710021138191223 -0.01757686398923397 0.2207760512828827 0.53648442029953 -0.1245410218834877 -10.365645408630371
2.01579904556 0.821548819542 0.313634127378 0.660197589376 0.00672800306556 0.0151124673814 0.750909775064 3.06490152455 0 0
0.635725279234 0.82462501094 0.382462629424 0.791616669674 0.0682201099393 -0.142878673926 0.590148074157 -0.862714849791 0 0
0.711527134743 0.751748825027 0.400512695863 0.883306110765 0.0943342338675 -0.176395200955 0.42397653247 -0.595279777265 0 0
-1943435595 -0.02531081810593605 0.04333478584885597 -1.4576653242111206 -0.041012682020664215 0.10492854565382004 -0.5347627401351929 0.6801855564117432 3.6979103088378906 -13.383369445800781
2.01843571663 0.826980471611 0.314806431532 0.655861645924 0.0136625928481 0.0154579096184 0.754599157164 -3.13913021424 0 0
0.635725279234 0.82462501094 0.382462629424 0.791616669674 0.0682201099393 -0.142878673926 0.590148074157 -0.862714849791 0 0
0.711527134743 0.751748825027 0.400512695863 0.883306110765 0.0943342338675 -0.176395200955 0.42397653247 -0.595279777265 0 0
-1943435477 0.02377670630812645 0.05464774742722511 -1.4382988214492798 0.16831178963184357 -0.09134642779827118 0.3531351685523987 3.0368847846984863 1.3795312643051147 -7.127578258514404
2.00034761429 0.82399392128 0.314375817776 0.651179490802 -0.000334993264877 -0.0012122462442 0.75892271609 -3.13454801561 0 0
0.637847358139 0.8342559304 0.382263856488 0.777681550746 0.0594189393714 -0.143407025631 0.609192268724 -0.938094464157 0 0
0.721231978321 0.776992383103 0.397545285569 0.86397272922 0.0940082025108 -0.174091618795 0.463039619569 -0.649677380672 0 0
-1943435355 0.025694068521261215 0.05656558647751808 -1.4553643465042114 0.020772656425833702 0.001597896683961153 -0.03621899336576462 0.6514453291893005 0.1245410218834877 -11.342812538146973
1.97763752937 0.819415152073 0.313862353563 0.64991738348 0.0010155153308 -0.00598757561984 0.759980599961 -3.08157693955 0 0
0.643740258447 0.854185918674 0.377853164278 0.745955065684 0.0615478366078 -0.131205778452 0.650036881639 -1.15891116399 0 0
0.730076379447 0.80233288366 0.394213344623 0.840838764702 0.0951710526045 -0.171609718734 0.504462830105 -0.727279252987 0 0
-1943435236 0.04889553412795067 0.03873283043503761 -1.4584323167800903 -0.007456851191818714 -0.10253170132637024 0.09294432401657104 -0.3736230731010437 0.21076172590255737 -10.547666549682617
1.96293234825 0.819289445877 0.313722521067 0.65269681543 -0.0119057305355 -0.0140881537895 0.757394642594 -3.13918279572 0 0
0.643740258447 0.854185918674 0.377853164278 0.745955065684 0.0615478366078 -0.131205778452 0.650036881639 -1.15891116399 0 0
0.730076379447 0.80233288366 0.394213344623 0.840838764702 0.0951710526045 -0.171609718734 0.504462830105 -0.727279252987 0 0
-1943435125 0.00786178931593895 0.017065349966287613 -1.4384905099868774 0.08149272948503494 -0.06551376730203629 -0.31132352352142334 -1.456171989440918 -0.6610254049301147 -10.585987091064453
1.96013617516 0.821766376495 0.313310265541 0.65028527218 -0.0120330347735 -0.0129695551192 0.75948407587 3.13243535561 0 0
0.64624856814 0.864118543974 0.374685218531 0.729250148665 0.0622562883525 -0.124274399559 0.669980782446 -1.30743342345 0 0
0.73770439081 0.8264797049 0.390705852318 0.816826296046 0.0948096712131 -0.166800762158 0.544043595749 -0.817346275948 0 0
-1943434992 -0.04160911217331886 0.01380569115281105 -1.4685949087142944 -0.04181163012981415 -0.00532632227987051 0.06205165386199951 3.10394549369812 0.7472461462020874 -9.972861289978027
1.96975409985 0.822864949703 0.312993615866 0.650602216858 -0.00205958338725 -0.00304703766136 0.759409789966 -3.1361393383 0 0
0.660817388241 0.877469687462 0.377701994061 0.730344752217 0.0553627625629 -0.132757341603 0.667762679162 -1.30494236964 0 0
0.745715253533 0.849908195071 0.387816111423 0.795889122697 0.0894514700075 -0.159074646819 0.577281729856 -0.900017387939 0 0
-1943434874 -0.03892451897263527 0.02185899391770363 -1.4611167907714844 -0.2514024078845978 0.01757686398923397 0.05992112681269646 0.2395019680261612 -0.9292676448822021 -11.132051467895508
1.97844934464 0.824596047401 0.313728868961 0.650171970341 -0.00238015491973 -0.00407551833089 0.759772422503 -3.13070394697 0 0
0.660817388241 0.877469687462 0.377701994061 0.730344752217 0.0553627625629 -0.132757341603 0.667762679162 -1.30494236964 0 0
0.745715253533 0.849908195071 0.387816111423 0.795889122697 0.0894514700075 -0.159074646819 0.577281729856 -0.900017387939 0 0
-1943434761 -0.06346828490495682 0.020325008779764175 -1.4657186269760132 0.12543489038944244 -0.018642127513885498 -0.04367584362626076 -0.1245410218834877 -0.8526269793510437 -10.336904525756836
1.98656046391 0.8244972229 0.314305692911 0.650498424902 -0.000548134950331 -0.00464131417217 0.759493223769 -3.10773686334 0 0
0.656939221561 0.895304868176 0.375544289367 0.737225780327 0.0565959519269 -0.146126140915 0.657223096054 -1.25903400224 0 0
0.751790067385 0.873196822505 0.384863872677 0.779108495621 0.0811410093762 -0.150031922115 0.603238353385 -0.970231028668 0 0
-1943434650 -0.024351898580789566 0.013038937002420425 -1.4703205823898315 0.050333745777606964 0.01571265049278736 -0.11211908608675003 0.2299218773841858 1.3316309452056885 -10.509346008300781
1.98833751678 0.824937224388 0.314290165901 0.650941349885 -0.00103867285816 -0.00320758224164 0.759120538244 -3.12455749693 0 0
0.656939221561 0.895304868176 0.375544289367 0.737225780327 0.0565959519269 -0.146126140915 0.657223096054 -1.25903400224 0 0
0.751790067385 0.873196822505 0.384863872677 0.779108495621 0.0811410093762 -0.150031922115 0.603238353385 -0.970231028668 0 0
-1943434532 -0.005369011778384447 0.015339676290750504 -1.474539041519165 -0.09667275100946426 0.012516857124865055 0.022903185337781906 0.3544628918170929 -0.6610254049301147 -10.777587890625
1.99041891098 0.825255453587 0.314264595509 0.650948652613 -0.000538638478102 -0.0026260299396 0.759117030171 -3.12454177314 0 0
0.656939221561 0.895304868176 0.375544289367 0.737225780327 0.0565959519269 -0.146126140915 0.657223096054 -1.25903400224 0 0
0.751790067385 0.873196822505 0.384863872677 0.779108495621 0.0811410093762 -0.150031922115 0.603238353385 -0.970231028668 0 0
-1943434419 -0.024351898580789566 0.013230625540018082 -1.4743473529815674 0.043409526348114014 -0.0002663161139935255 -0.008788431994616985 0.2490820437669754 -0.07664062827825546 -10.73926830291748
1.99213504791 0.825231909752 0.314319729805 0.650953856114 -0.000538556122969 -0.00262610432854 0.7591125679 -3.12453859373 0 0
0.629773122424 0.929028029018 0.375421256432 0.6873561268 0.0842711356577 -0.126228417564 0.710286081269 -1.70931067301 0 0
0.753166943935 0.898309785554 0.382115065581 0.758387447617 0.078273942265 -0.140603987846 0.631626620609 -1.09066805054 0 0
-1943434298 -0.0070946854539215565 0.012846771627664566 -1.4758813381195068 -0.000532632227987051 0.01091896090656519 -0.007456851191818714 0.30656251311302185 0.5269043445587158 -10.672207832336426
1.9922901392 0.825367748737 0.314341545105 0.650958180136 -0.00116552393664 -0.00235238850659 0.759109053784 -3.13311378723 0 0
0.640731670095 0.944483373955 0.371542343418 0.677047252046 0.0677242985587 -0.127843585343 0.721579140198 -1.83764250969 0 0
0.75494850566 0.922810713632 0.37909397618 0.739965749699 0.0712045641745 -0.129697261845 0.65617011482 -1.21750987241 0 0
-1943434067 -0.009203735738992691 0.011312786489725113 -1.4766483306884766 -0.003994741477072239 0.01091896090656519 -0.01065264455974102 0.32572266459465027 0.22034180164337158 -10.691368103027344
1.99237549305 0.825339436531 0.314317435026 0.650958125501 -0.00101577598826 -0.00228547232298 0.759109520201 -3.13219439678 0 0
0.6461220534 0.951289221435 0.369326259904 0.672858785988 0.0592690618871 -0.128038777641 0.726191644018 -1.8973042249 0 0
0.756434873211 0.945631661446 0.376034065574 0.725096610139 0.0612785012657 -0.117336836947 0.675804644807 -1.34152575901 0 0
-1943433948 -0.014764610677957535 0.011312786489725113 -1.4766483306884766 -0.0013315805699676275 -0.006125270389020443 0.001597896683961153 0.2395019680261612 -0.028740234673023224 -10.691368103027344
1.99271929264 0.825472652912 0.314262002707 0.650960939154 -0.000820075937637 -0.00157172903229 0.759109157394 -3.13633878266 0 0
0.64950234502 0.956337729883 0.368941247513 0.670052171655 0.0556787391792 -0.128836795498 0.728924581414 -1.93189708343 0 0
0.757418376226 0.966641956858 0.373173815894 0.7139226892 0.0500349260834 -0.104462500033 0.690578370718 -1.45956516108 0 0
-1943433748 -0.014956299215555191 0.012463394552469254 -1.4770318269729614 0.004527374170720577 -0.0002663161139935255 0.001065264455974102 0.28740236163139343 -0.009580078534781933 -10.681787490844727
1.99278378487 0.82535803318 0.314272791147 0.650961126686 -0.000813444716812 -0.00153422810218 0.759109080433 -3.13659289416 0 0
0.633133407983 0.970923477964 0.368814631417 0.657858454856 0.0741945740653 -0.115866886608 0.740467611136 -2.01060020777 0 0
0.755491483402 0.987134439452 0.370538553051 0.705452876893 0.0415533111555 -0.0906152554237 0.70171107751 -1.57734479127 0 0
-1943433635 -0.013230625540018082 0.011312786489725113 -1.4774153232574463 -0.006391586735844612 0.02556634694337845 0.0013315805699676275 0.2778222858905792 0.07664062827825546 -10.672207832336426
1.99275898933 0.825309872627 0.314286381006 0.650961301119 -0.000916387093273 -0.00155013951187 0.759108781235 -3.1374818659 0 0
0.624556006013 0.977936253513 0.368567601761 0.652425598645 0.0833713823813 -0.109214694198 0.745293366 -2.03860196317 0 0
0.751854261595 1.00617974139 0.368103931126 0.699666383763 0.0347073100763 -0.0768915800845 0.709471661852 -1.68836035264 0 0
-1943433474 -0.013230625540018082 0.012271706014871597 -1.477607011795044 0.003195793367922306 -0.000532632227987051 -0.0013315805699676275 0.268242210149765 0.05748046934604645 -10.700947761535645
1.99276852608 0.825403749943 0.314281880856 0.651045064429 -0.00120538095366 -0.00128900894109 0.759037027816 3.14059807827 0 0
0.621006965884 0.981165346814 0.369163936593 0.64952445226 0.0879391494349 -0.106101403728 0.74774807525 -2.0523904653 0 0
0.747283415863 1.02338834335 0.365966988128 0.696054018315 0.0291589503657 -0.0640988427672 0.714527744428 -1.79112244796 0 0
-1943433366 -0.013614002615213394 0.01265508309006691 -1.4777988195419312 0.004261057823896408 0.009853696450591087 0.0007989483419805765 0.31614258885383606 0.009580078534781933 -10.691368103027344
1.99276542664 0.825494468212 0.314279764891 0.651224081615 -0.00167612090296 -0.000864338985218 0.758883152443 3.13225088875 0 0
0.621006965884 0.981165346814 0.369163936593 0.64952445226 0.0879391494349 -0.106101403728 0.74774807525 -2.0523904653 0 0
0.747283415863 1.02338834335 0.365966988128 0.696054018315 0.0291589503657 -0.0640988427672 0.714527744428 -1.79112244796 0 0
-1943433253 -0.013038937002420425 0.013230625540018082 -1.478182315826416 0.006125270389020443 -0.013582121580839157 -0.0023968450259417295 0.2778222858905792 0.04790039360523224 -10.681787490844727
1.99276161194 0.825502753258 0.314283490181 0.651151650111 -0.00173554010033 -0.000848198999197 0.758945187096 3.13152867023 0 0
0.619413145042 1.00708272724 0.373949208192 0.625711505004 0.0900627637742 -0.109524423963 0.767058154016 -2.20097358684 0 0
0.742120696142 1.04170666287 0.364635095948 0.692810231968 0.0257628071899 -0.0542719083629 0.718613122764 -1.90286749232 0 0
-1943433142 -0.01380569115281105 0.013422314077615738 -1.4783740043640137 -0.001065264455974102 0.004793690051883459 -0.0034621094819158316 0.29698243737220764 0.009580078534781933 -10.681787490844727
1.9927585125 0.825713932514 0.314254105091 0.65130737227 -0.00208431030202 -0.000331358046408 0.758811078384 3.1235750337 0 0
0.617961596198 1.01953806309 0.375088777222 0.613662275242 0.091572615986 -0.111145397324 0.776324525312 -2.26108326184 0 0
0.736459022992 1.05936602236 0.363601213679 0.690048605061 0.023816300711 -0.04652168577 0.721873561801 -2.0117719181 0 0
-1943432964 -0.013422314077615738 0.013038937002420425 -1.4785658121109009 0.007456851191818714 0.003728425595909357 0.0002663161139935255 0.3353027403354645 0.028740234673023224 -10.64346694946289
1.99278116226 0.825594425201 0.314260065556 0.65128345138 -0.00188074239016 -0.000473665037009 0.758832066012 3.12684057077 0 0
0.617967353774 1.02614210744 0.376936313051 0.60754135924 0.0920167895792 -0.11227734598 0.780909857044 -2.28908100993 0 0
0.730549686663 1.07566999798 0.362935543177 0.687587067733 0.0227739665573 -0.0403449703631 0.724622421748 -2.11386151824 0 0
-1943432843 -0.013038937002420425 0.013422314077615738 -1.4787575006484985 0.006657903082668781 -0.009321063756942749 0.0013315805699676275 0.3544628918170929 0.028740234673023224 -10.729687690734863
1.99277508259 0.825530171394 0.314273387194 0.651257775202 -0.0018315079691 -0.000636893343379 0.758854103359 3.12873986594 0 0
0.617967353774 1.02614210744 0.376936313051 0.60754135924 0.0920167895792 -0.11227734598 0.780909857044 -2.28908100993 0 0
0.730549686663 1.07566999798 0.362935543177 0.687587067733 0.0227739665573 -0.0403449703631 0.724622421748 -2.11386151824 0 0
-1943432720 -0.013230625540018082 0.013230625540018082 -1.4789493083953857 0.0018642127979546785 0.009853696450591087 -0.000532632227987051 0.3448828160762787 0.028740234673023224 -10.720108032226562
1.99277830124 0.82559299469 0.31426230073 0.651346640713 -0.00194709841375 -0.000440096926689 0.758777680717 3.12587306108 0 0
0.617967353774 1.02614210744 0.376936313051 0.60754135924 0.0920167895792 -0.11227734598 0.780909857044 -2.28908100993 0 0
0.730549686663 1.07566999798 0.362935543177 0.687587067733 0.0227739665573 -0.0403449703631 0.724622421748 -2.11386151824 0 0
-1943432612 -0.013230625540018082 0.01438075676560402 -1.4791409969329834 0.000532632227987051 0.010120011866092682 0.0 0.3448828160762787 0.019160157069563866 -10.681787490844727
1.99284255505 0.825575172901 0.314255475998 0.651369521716 -0.00186878986116 -0.000386261845361 0.758758264934 3.12618910337 0 0
0.618098264413 1.03084485844 0.377842964275 0.603027758827 0.0926292433653 -0.112953773927 0.784231337243 -2.30789684546 0 0
0.724460541489 1.09046592686 0.362496780978 0.685139266504 0.0224526243618 -0.0354427965298 0.727202773185 -2.20831244876 0 0
-1943432501 -0.013038937002420425 0.015147987753152847 -1.4793328046798706 0.005060005933046341 -0.002130528911948204 -0.003195793367922306 0.3353027403354645 0.028740234673023224 -10.662627220153809
1.99280583858 0.825564563274 0.314262717962 0.651333633616 -0.00199596115977 -0.000335061381813 0.758788772712 3.12448414113 0 0
0.618098264413 1.03084485844 0.377842964275 0.603027758827 0.0926292433653 -0.112953773927 0.784231337243 -2.30789684546 0 0
0.724460541489 1.09046592686 0.362496780978 0.685139266504 0.0224526243618 -0.0354427965298 0.727202773185 -2.20831244876 0 0
-1943432388 -0.013230625540018082 0.01553136482834816 -1.4795244932174683 -0.000532632227987051 -0.003195793367922306 -0.0023968450259417295 0.3448828160762787 0.009580078534781933 -10.691368103027344
1.99291050434 0.825793385506 0.3142336905 0.651283379098 -0.00235488125163 0.000238528427958 0.758830915125 3.11598241125 0 0
0.637129466023 1.04981458156 0.374920496711 0.596515936721 0.0829974323827 -0.114039639127 0.790110830304 -2.36976601207 0 0
0.71575293618 1.11800035539 0.361226641788 0.679840443164 0.0215033596119 -0.029034930307 0.732469487546 -2.38179013235 0 0
-1943432176 -0.013614002615213394 0.01610690727829933 -1.4793328046798706 -0.0018642127979546785 0.001065264455974102 0.0002663161139935255 0.3544628918170929 0.03832031413912773 -10.672207832336426
1.99296557903 0.825788199902 0.314220190048 0.651275610314 -0.00224787004537 0.000344383550292 0.758837866669 3.11614740695 0 0
0.637129466023 1.04981458156 0.374920496711 0.596515936721 0.0829974323827 -0.114039639127 0.790110830304 -2.36976601207 0 0
0.71575293618 1.11800035539 0.361226641788 0.679840443164 0.0215033596119 -0.029034930307 0.732469487546 -2.38179013235 0 0
-1943432056 -0.013614002615213394 0.016490284353494644 -1.4793328046798706 0.0034621094819158316 0.011717909015715122 0.0023968450259417295 0.3544628918170929 0.019160157069563866 -10.729687690734863
1.99302732944 0.825827598572 0.314205288887 0.65135329872 -0.00227187825963 0.000545972640937 0.758770993601 3.11414207943 0 0
0.627984764964 1.05663280032 0.378480285974 0.585738877349 0.0913567955556 -0.107345200659 0.7981484269 -2.40107754702 0 0
0.710309609288 1.13016172902 0.361193377858 0.676081751351 0.0225990176994 -0.0262975597029 0.736010318027 -2.4598420773 0 0
-1943431938 -0.013614002615213394 0.01610690727829933 -1.4793328046798706 0.0 0.014647386036813259 0.000532632227987051 0.3448828160762787 0.028740234673023224 -10.64346694946289
1.99311840534 0.825835585594 0.314189106226 0.651371611844 -0.00216835148064 0.000684539120765 0.758755463204 3.11397942567 0 0
0.623404945688 1.05991751281 0.380198477559 0.580314820885 0.0955329763502 -0.103958065469 0.802060396551 -2.41507142265 0 0
0.704195642218 1.14091640467 0.361447083767 0.671628875449 0.0242589537267 -0.0236328829143 0.740113264083 -2.53088626809 0 0
-1943431825 -0.01380569115281105 0.016490284353494644 -1.4793328046798706 -0.000532632227987051 -0.010386328212916851 0.0 0.30656251311302185 0.009580078534781933 -10.700947761535645
1.99313855171 0.825920939445 0.314177453518 0.651378655347 -0.00224883955577 0.000835435414127 0.758749031055 3.11187266009 0 0
0.623404945688 1.05991751281 0.380198477559 0.580314820885 0.0955329763502 -0.103958065469 0.802060396551 -2.41507142265 0 0
0.704195642218 1.14091640467 0.361447083767 0.671628875449 0.0242589537267 -0.0236328829143 0.740113264083 -2.53088626809 0 0
-1943431717 -0.013997379690408707 0.015914741903543472 -1.4793328046798706 -0.004261057823896408 0.007989482954144478 -0.0018642127979546785 0.32572266459465027 0.04790039360523224 -10.700947761535645